0.131099 11.5584
0.141099 19.8144
0.151099 38.8032
0.161099 71.0016
0.171099 82.56
0.181099 87.5136
0.191099 87.5136
0.201099 87.5136
0.211099 87.5136
0.221099 87.5136
0.231099 87.5136
0.241099 87.5136
0.251099 87.1008
0.261099 87.5136
0.271099 87.5136
0.281099 87.5136
0.291099 87.1008
0.301099 87.5136
0.311099 87.5136
0.321099 87.5136
0.331099 87.5136
0.341099 87.5136
0.351099 87.5136
0.361099 87.5136
0.371099 87.5136
0.381099 87.5136
0.391099 87.5136
0.401099 87.1008
0.411099 87.5136
0.421099 87.5136
0.431099 87.1008
0.441099 87.5136
0.451099 87.5136
0.461099 68.9376
0.471099 4.9536
0.481099 104.611
0.491099 104.611
0.501099 5.3664
0.511099 69.7632
0.521099 87.1008
0.531099 87.1008
0.541099 87.5136
0.551099 87.5136
0.561099 87.5136
0.571099 87.5136
0.581099 87.5136
0.591099 87.5136
0.601099 87.1008
0.611099 87.5136
0.621099 87.5136
0.631099 87.5136
0.641099 87.5136
0.651099 87.1008
0.661099 87.5136
0.671099 87.5136
0.681099 87.5136
0.691099 87.5136
0.701099 87.5136
0.711099 87.5136
0.721099 87.1008
0.731099 87.5136
0.741099 87.5136
0.751099 87.5136
0.761099 87.5136
0.771099 87.5136
0.781099 87.1008
0.791099 87.5136
0.801099 87.5136
0.811099 87.5136
0.821099 87.5136
0.831099 87.5136
0.841099 87.5136
0.851099 87.1008
0.861099 87.5136
0.871099 87.5136
0.881099 87.5136
0.891099 87.5136
0.901099 87.5136
0.911099 87.5136
0.921099 87.5136
0.931099 87.1008
0.941099 87.5136
0.951099 87.5136
0.961099 87.5136
0.971099 87.5136
0.981099 87.5136
0.991099 87.1008
1.0011 87.5136
1.0111 87.5136
1.0211 87.5136
1.0311 87.5136
1.0411 87.5136
1.0511 87.5136
1.0611 87.5136
1.0711 87.5136
1.0811 87.1008
1.0911 87.5136
1.1011 87.5136
1.1111 87.1008
1.1211 87.5136
1.1311 87.5136
1.1411 87.5136
1.1511 87.5136
1.1611 87.5136
1.1711 87.5136
1.1811 87.5136
1.1911 87.5136
1.2011 87.5136
1.2111 87.1008
1.2211 87.5136
1.2311 87.5136
1.2411 87.1008
1.2511 87.5136
1.2611 87.5136
1.2711 87.5136
1.2811 87.5136
1.2911 60.2688
1.3011 43.7568
1.3111 148.368
1.3211 33.024
1.3311 31.3728
1.3411 43.344
1.3511 148.368
1.3611 58.2048
1.3711 87.5136
1.3811 87.5136
1.3911 87.5136
1.4011 87.5136
1.4111 87.5136
1.4211 87.1008
1.4311 87.5136
1.4411 87.1008
1.4511 87.5136
1.4611 87.5136
1.4711 87.5136
1.4811 87.5136
1.4911 87.5136
1.5011 87.5136
1.5111 87.5136
1.5211 87.5136
1.5311 87.5136
1.5411 87.5136
1.5511 87.5136
1.5611 87.1008
1.5711 87.1008
1.5811 87.5136
1.5911 87.5136
1.6011 87.5136
1.6111 87.5136
1.6211 87.5136
1.6311 87.5136
1.6411 87.5136
1.6511 87.5136
1.6611 87.5136
1.6711 87.5136
1.6811 87.5136
1.6911 87.5136
1.7011 87.5136
1.7111 86.688
1.7211 87.5136
1.7311 87.5136
1.7411 87.5136
1.7511 87.5136
1.7611 87.5136
1.7711 87.5136
1.7811 87.5136
1.7911 87.5136
1.8011 87.5136
1.8111 87.5136
1.8211 87.5136
1.8311 87.1008
1.8411 87.1008
1.8511 87.5136
1.8611 87.5136
1.8711 87.5136
1.8811 87.5136
1.8911 87.5136
1.9011 87.5136
1.9111 87.5136
1.9211 87.5136
1.9311 87.5136
1.9411 87.5136
1.9511 87.5136
1.9611 87.1008
1.9711 87.5136
1.9811 87.5136
1.9911 87.1008
2.0011 87.5136
2.0111 87.5136
2.0211 86.2752
2.0311 87.5136
2.0411 87.1008
2.0511 87.1008
2.0611 87.5136
2.0711 87.5136
2.0811 87.5136
2.0911 85.8624
2.1011 87.5136
2.1111 87.1008
2.1211 87.5136
2.1311 87.5136
2.1411 87.5136
2.1511 87.5136
2.1611 87.5136
2.1711 87.5136
2.1811 87.5136
2.1911 87.5136
2.2011 87.1008
2.2111 87.5136
2.2211 87.1008
2.2311 87.5136
2.2411 87.5136
2.2511 87.5136
2.2611 87.5136
2.2711 87.5136
2.2811 87.5136
2.2911 87.5136
2.3011 87.5136
2.3111 87.5136
2.3211 87.5136
2.3311 87.1008
2.3411 87.5136
2.3511 87.1008
2.3611 87.5136
2.3711 87.5136
2.3811 87.5136
2.3911 87.5136
2.4011 87.5136
2.4111 87.5136
2.4211 87.5136
2.4311 87.5136
2.4411 87.5136
2.4511 87.5136
2.4611 87.1008
2.4711 87.5136
2.4811 87.1008
2.4911 87.5136
2.5011 87.5136
2.5111 87.5136
2.5211 87.5136
2.5311 87.5136
2.5411 87.5136
2.5511 87.5136
2.5611 87.5136
2.5711 87.5136
2.5811 87.5136
2.5911 87.1008
2.6011 87.5136
2.6111 87.1008
2.6211 87.5136
2.6311 87.5136
2.6411 87.5136
2.6511 87.5136
2.6611 87.5136
2.6711 87.5136
2.6811 87.5136
2.6911 87.5136
2.7011 87.5136
2.7111 87.1008
2.7211 87.5136
2.7311 87.5136
2.7411 87.5136
2.7511 87.5136
2.7611 87.1008
2.7711 87.5136
2.7811 87.5136
2.7911 87.5136
2.8011 87.5136
2.8111 87.5136
2.8211 87.5136
2.8311 87.5136
2.8411 87.5136
2.8511 87.5136
2.8611 87.1008
2.8711 87.5136
2.8811 87.5136
2.8911 87.1008
2.9011 87.5136
2.9111 87.5136
2.9211 87.5136
2.9311 87.5136
2.9411 87.5136
2.9511 87.5136
2.9611 87.5136
2.9711 87.5136
2.9811 87.5136
2.9911 87.1008
3.0011 87.5136
3.0111 87.5136
3.0211 87.5136
3.0311 87.1008
3.0411 87.5136
3.0511 87.5136
3.0611 87.5136
3.0711 87.5136
3.0811 87.5136
3.0911 87.5136
3.1011 87.5136
3.1111 87.5136
3.1211 87.5136
3.1311 87.1008
3.1411 87.5136
3.1511 87.1008
3.1611 87.5136
3.1711 87.5136
3.1811 87.5136
3.1911 87.5136
3.2011 87.5136
3.2111 87.5136
3.2211 87.5136
3.2311 87.5136
3.2411 87.5136
3.2511 87.5136
3.2611 87.5136
3.2711 87.1008
3.2811 87.5136
3.2911 87.5136
3.3011 87.1008
3.3111 87.5136
3.3211 87.5136
3.3311 87.5136
3.3411 87.5136
3.3511 87.5136
3.3611 87.5136
3.3711 87.5136
3.3811 87.5136
3.3911 87.1008
3.4011 87.5136
3.4111 87.1008
3.4211 87.5136
3.4311 87.5136
3.4411 87.5136
3.4511 87.5136
3.4611 87.5136
3.4711 87.5136
3.4811 87.5136
3.4911 87.5136
3.5011 87.5136
3.5111 87.5136
3.5211 87.5136
3.5311 87.1008
3.5411 87.1008
3.5511 87.5136
3.5611 87.5136
3.5711 87.5136
3.5811 87.5136
3.5911 87.5136
3.6011 87.5136
3.6111 87.5136
3.6211 87.5136
3.6311 87.5136
3.6411 87.5136
3.6511 87.5136
3.6611 86.688
3.6711 87.5136
3.6811 87.5136
3.6911 87.5136
3.7011 87.5136
3.7111 87.5136
3.7211 87.5136
3.7311 87.5136
3.7411 87.5136
3.7511 87.5136
3.7611 87.5136
3.7711 87.5136
3.7811 87.1008
3.7911 87.5136
3.8011 87.1008
3.8111 87.5136
3.8211 87.5136
3.8311 87.5136
3.8411 87.5136
3.8511 87.5136
3.8611 87.5136
3.8711 87.5136
3.8811 87.5136
3.8911 87.5136
3.9011 87.5136
3.9111 87.5136
3.9211 87.5136
3.9311 86.688
3.9411 87.5136
3.9511 87.5136
3.9611 87.5136
3.9711 87.5136
3.9811 87.5136
3.9911 87.5136
4.0011 87.5136
4.0111 87.5136
4.0211 87.5136
4.0311 87.5136
4.0411 87.5136
4.0511 85.0368
4.0611 87.5136
4.0711 87.5136
4.0811 87.5136
4.0911 87.5136
4.1011 87.5136
4.1111 87.5136
4.1211 87.5136
4.1311 87.5136
4.1411 85.8624
4.1511 87.1008
4.1611 87.5136
4.1711 87.5136
4.1811 87.5136
4.1911 87.5136
4.2011 87.1008
4.2111 87.5136
4.2211 87.5136
4.2311 87.5136
4.2411 87.5136
4.2511 87.5136
4.2611 87.5136
4.2711 87.5136
4.2811 87.5136
4.2911 87.1008
4.3011 87.5136
4.3111 87.5136
4.3211 87.5136
4.3311 87.5136
4.3411 87.1008
4.3511 87.5136
4.3611 87.5136
4.3711 87.5136
4.3811 87.5136
4.3911 87.5136
4.4011 87.5136
4.4111 87.1008
4.4211 87.5136
4.4311 87.5136
4.4411 87.5136
4.4511 87.5136
4.4611 87.5136
4.4711 87.5136
4.4811 87.1008
4.4911 87.5136
4.5011 87.5136
4.5111 87.5136
4.5211 87.5136
4.5311 87.5136
4.5411 87.1008
4.5511 87.5136
4.5611 87.5136
4.5711 87.5136
4.5811 87.5136
4.5911 87.5136
4.6011 87.5136
4.6111 87.5136
4.6211 87.1008
4.6311 87.5136
4.6411 87.5136
4.6511 87.5136
4.6611 87.5136
4.6711 87.5136
4.6811 87.1008
4.6911 87.5136
4.7011 87.5136
4.7111 87.5136
4.7211 87.5136
4.7311 87.5136
4.7411 87.5136
4.7511 87.5136
4.7611 87.1008
4.7711 87.5136
4.7811 87.1008
4.7911 87.5136
4.8011 87.5136
4.8111 87.5136
4.8211 87.5136
4.8311 87.5136
4.8411 87.5136
4.8511 87.5136
4.8611 87.5136
4.8711 87.1008
4.8811 87.5136
4.8911 87.5136
4.9011 87.5136
4.9111 87.5136
4.9211 87.5136
4.9311 87.1008
4.9411 87.5136
4.9511 87.5136
4.9611 87.5136
4.9711 87.5136
4.9811 87.5136
4.9911 87.5136
5.0011 87.5136
5.0111 87.5136
5.0211 87.1008
5.0311 87.5136
5.0411 87.1008
5.0511 87.5136
5.0611 87.5136
5.0711 87.5136
5.0811 87.5136
5.0911 87.5136
5.1011 87.5136
5.1111 87.5136
5.1211 87.5136
5.1311 87.1008
5.1411 87.5136
5.1511 87.5136
5.1611 87.5136
5.1711 87.5136
5.1811 87.1008
5.1911 87.5136
5.2011 87.5136
5.2111 87.5136
5.2211 87.5136
5.2311 87.5136
5.2411 87.5136
5.2511 87.5136
5.2611 87.5136
5.2711 87.1008
5.2811 87.5136
5.2911 87.5136
5.3011 87.1008
5.3111 87.5136
5.3211 87.5136
5.3311 87.5136
5.3411 87.5136
5.3511 87.5136
5.3611 87.5136
5.3711 87.5136
5.3811 87.5136
5.3911 87.5136
5.4011 87.5136
5.4111 87.1008
5.4211 87.5136
5.4311 87.5136
5.4411 87.5136
5.4511 87.1008
5.4611 87.5136
5.4711 87.5136
5.4811 87.5136
5.4911 87.5136
5.5011 87.5136
5.5111 87.5136
5.5211 87.5136
5.5311 87.5136
5.5411 87.1008
5.5511 87.5136
5.5611 87.5136
5.5711 87.1008
5.5811 87.5136
5.5911 87.5136
5.6011 87.5136
5.6111 87.5136
5.6211 87.5136
5.6311 87.5136
5.6411 87.5136
5.6511 87.5136
5.6611 87.5136
5.6711 87.5136
5.6811 87.1008
5.6911 87.5136
5.7011 87.5136
5.7111 87.5136
5.7211 87.1008
5.7311 87.5136
5.7411 87.5136
5.7511 87.5136
5.7611 87.5136
5.7711 87.5136
5.7811 87.5136
5.7911 87.5136
5.8011 87.5136
5.8111 87.5136
5.8211 87.1008
5.8311 87.5136
5.8411 87.1008
5.8511 87.5136
5.8611 87.5136
5.8711 87.5136
5.8811 87.5136
5.8911 87.5136
5.9011 87.5136
5.9111 87.5136
5.9211 87.5136
5.9311 87.5136
5.9411 87.5136
5.9511 87.5136
5.9611 87.5136
5.9711 86.688
5.9811 87.5136
5.9911 87.5136
6.0011 87.5136
6.0111 87.5136
6.0211 87.5136
6.0311 87.5136
6.0411 87.5136
6.0511 87.5136
6.0611 87.5136
6.0711 87.5136
6.0811 87.5136
6.0911 87.5136
6.1011 87.5136
6.1111 87.1008
6.1211 87.1008
6.1311 87.5136
6.1411 87.5136
6.1511 87.5136
6.1611 87.5136
6.1711 87.5136
6.1811 87.5136
6.1911 87.5136
6.2011 87.5136
6.2111 87.5136
6.2211 87.5136
6.2311 87.5136
6.2411 86.688
6.2511 87.5136
6.2611 87.5136
6.2711 87.5136
6.2811 87.5136
6.2911 87.5136
6.3011 87.5136
6.3111 87.5136
6.3211 87.5136
6.3311 87.5136
6.3411 87.5136
6.3511 87.5136
6.3611 87.5136
6.3711 87.5136
6.3811 87.1008
6.3911 87.1008
6.4011 87.5136
6.4111 87.5136
6.4211 87.5136
6.4311 87.5136
6.4411 87.5136
6.4511 87.5136
6.4611 87.5136
6.4711 87.5136
6.4811 87.5136
6.4911 87.5136
6.5011 87.5136
6.5111 87.5136
6.5211 86.688
6.5311 87.5136
6.5411 87.5136
6.5511 87.5136
6.5611 87.5136
6.5711 87.5136
6.5811 87.5136
6.5911 87.5136
6.6011 87.5136
6.6111 87.5136
6.6211 87.5136
6.6311 87.5136
6.6411 87.1008
6.6511 87.5136
6.6611 87.5136
6.6711 87.1008
6.6811 87.5136
6.6911 87.5136
6.7011 87.5136
6.7111 87.5136
6.7211 87.5136
6.7311 87.5136
6.7411 87.5136
6.7511 87.5136
6.7611 87.5136
6.7711 87.5136
6.7811 87.5136
6.7911 87.1008
6.8011 87.1008
6.8111 87.5136
6.8211 87.5136
6.8311 87.5136
6.8411 87.5136
6.8511 87.5136
6.8611 87.5136
6.8711 87.5136
6.8811 87.5136
6.8911 87.5136
6.9011 87.5136
6.9111 87.1008
6.9211 87.5136
6.9311 87.5136
6.9411 87.5136
6.9511 87.1008
6.9611 87.5136
6.9711 87.5136
6.9811 87.5136
6.9911 87.5136
7.0011 87.5136
7.0111 87.5136
7.0211 87.5136
7.0311 87.1008
7.0411 87.5136
7.0511 87.5136
7.0611 87.5136
7.0711 87.5136
7.0811 87.1008
7.0911 87.5136
7.1011 87.5136
7.1111 87.5136
7.1211 87.5136
7.1311 87.5136
7.1411 87.5136
7.1511 87.5136
7.1611 87.5136
7.1711 87.1008
7.1811 87.5136
7.1911 87.5136
7.2011 87.5136
7.2111 87.5136
7.2211 87.1008
7.2311 87.5136
7.2411 87.5136
7.2511 87.5136
7.2611 87.5136
7.2711 87.5136
7.2811 87.5136
7.2911 87.1008
7.3011 87.5136
7.3111 87.5136
7.3211 87.5136
7.3311 87.5136
7.3411 87.1008
7.3511 87.5136
7.3611 87.5136
7.3711 87.5136
7.3811 87.5136
7.3911 87.5136
7.4011 87.5136
7.4111 87.5136
7.4211 87.1008
7.4311 87.5136
7.4411 87.5136
7.4511 87.5136
7.4611 87.5136
7.4711 87.1008
7.4811 87.5136
7.4911 87.5136
7.5011 87.5136
7.5111 87.5136
7.5211 87.5136
7.5311 87.5136
7.5411 87.1008
7.5511 87.5136
7.5611 87.5136
7.5711 87.5136
7.5811 87.5136
7.5911 87.5136
7.6011 87.5136
7.6111 87.1008
7.6211 87.5136
7.6311 87.5136
7.6411 87.5136
7.6511 87.5136
7.6611 87.5136
7.6711 87.5136
7.6811 87.5136
7.6911 87.1008
7.7011 87.5136
7.7111 87.5136
7.7211 87.5136
7.7311 87.5136
7.7411 87.1008
7.7511 87.5136
7.7611 87.5136
7.7711 87.5136
7.7811 87.5136
7.7911 87.5136
7.8011 87.1008
7.8111 87.5136
7.8211 87.5136
7.8311 87.5136
7.8411 87.5136
7.8511 87.5136
7.8611 87.1008
7.8711 87.5136
7.8811 87.5136
7.8911 87.5136
7.9011 87.5136
7.9111 87.5136
7.9211 87.5136
7.9311 87.1008
7.9411 87.5136
7.9511 87.5136
7.9611 87.5136
7.9711 87.5136
7.9811 87.5136
7.9911 87.5136
8.0011 87.1008
8.0111 87.5136
8.0211 87.5136
8.0311 87.5136
8.0411 87.5136
8.0511 87.5136
8.0611 87.1008
8.0711 87.5136
8.0811 87.5136
8.0911 87.5136
8.1011 87.5136
8.1111 87.5136
8.1211 87.5136
8.1311 87.1008
8.1411 87.5136
8.1511 87.5136
8.1611 87.5136
8.1711 87.5136
8.1811 87.5136
8.1911 87.5136
8.2011 87.1008
8.2111 87.5136
8.2211 87.5136
8.2311 87.5136
8.2411 87.5136
8.2511 87.5136
8.2611 87.1008
8.2711 87.5136
8.2811 87.5136
8.2911 87.5136
8.3011 87.5136
8.3111 87.5136
8.3211 87.1008
8.3311 87.5136
8.3411 87.5136
8.3511 87.5136
8.3611 87.5136
8.3711 87.5136
8.3811 87.5136
8.3911 87.5136
8.4011 87.5136
8.4111 87.1008
8.4211 87.5136
8.4311 87.5136
8.4411 87.1008
8.4511 87.5136
8.4611 87.5136
8.4711 87.5136
8.4811 87.5136
8.4911 87.5136
8.5011 87.5136
8.5111 87.5136
8.5211 87.1008
8.5311 87.5136
8.5411 87.5136
8.5511 87.5136
8.5611 87.5136
8.5711 87.5136
8.5811 87.1008
8.5911 87.5136
8.6011 87.5136
8.6111 87.5136
8.6211 87.5136
8.6311 87.5136
8.6411 87.5136
8.6511 87.5136
8.6611 87.5136
8.6711 87.1008
8.6811 87.5136
8.6911 87.5136
8.7011 87.5136
8.7111 87.5136
8.7211 87.1008
8.7311 87.5136
8.7411 87.5136
8.7511 87.5136
8.7611 87.5136
8.7711 87.5136
8.7811 87.1008
8.7911 87.5136
8.8011 87.5136
8.8111 87.5136
8.8211 87.5136
8.8311 87.5136
8.8411 87.5136
8.8511 87.5136
8.8611 87.1008
8.8711 87.5136
8.8811 87.5136
8.8911 87.5136
8.9011 87.5136
8.9111 87.5136
8.9211 87.1008
8.9311 87.5136
8.9411 87.5136
8.9511 87.5136
8.9611 87.5136
8.9711 87.5136
8.9811 87.1008
8.9911 87.5136
9.0011 87.5136
9.0111 87.5136
9.0211 87.5136
9.0311 87.5136
9.0411 87.1008
9.0511 87.5136
9.0611 87.5136
9.0711 87.5136
9.0811 87.5136
9.0911 87.5136
9.1011 87.5136
9.1111 87.5136
9.1211 87.1008
9.1311 87.5136
9.1411 87.5136
9.1511 87.5136
9.1611 87.5136
9.1711 87.1008
9.1811 87.5136
9.1911 87.5136
9.2011 87.5136
9.2111 87.5136
9.2211 87.5136
9.2311 87.5136
9.2411 87.1008
9.2511 87.5136
9.2611 87.5136
9.2711 87.5136
9.2811 87.5136
9.2911 87.5136
9.3011 87.5136
9.3111 87.5136
9.3211 87.1008
9.3311 87.5136
9.3411 87.5136
9.3511 87.5136
9.3611 87.5136
9.3711 87.5136
9.3811 87.1008
9.3911 87.5136
9.4011 87.5136
9.4111 87.5136
9.4211 87.5136
9.4311 87.5136
9.4411 87.5136
9.4511 87.5136
9.4611 87.1008
9.4711 87.5136
9.4811 87.1008
9.4911 87.5136
9.5011 87.5136
9.5111 87.5136
9.5211 87.5136
9.5311 87.5136
9.5411 87.5136
9.5511 87.5136
9.5611 87.5136
9.5711 87.5136
9.5811 87.5136
9.5911 87.1008
9.6011 87.5136
9.6111 87.5136
9.6211 87.5136
9.6311 87.1008
9.6411 87.5136
9.6511 87.5136
9.6611 87.5136
9.6711 87.5136
9.6811 87.5136
9.6911 87.5136
9.7011 87.5136
9.7111 87.5136
9.7211 87.5136
9.7311 87.5136
9.7411 87.1008
9.7511 87.1008
9.7611 87.5136
9.7711 87.5136
9.7811 87.5136
9.7911 87.5136
9.8011 87.5136
9.8111 87.5136
9.8211 87.5136
9.8311 87.5136
9.8411 87.5136
9.8511 87.5136
9.8611 87.1008
9.8711 87.5136
9.8811 87.5136
9.8911 87.5136
9.9011 87.1008
9.9111 87.5136
9.9211 87.5136
9.9311 87.5136
9.9411 87.5136
9.9511 87.5136
9.9611 87.5136
9.9711 87.5136
9.9811 87.5136
9.9911 87.5136
10.0011 87.5136
10.0111 86.688
