0.131038 14.448
0.141038 22.704
0.151038 45.408
0.161038 90.816
0.171038 154.387
0.181038 174.614
0.191038 175.027
0.201038 175.027
0.211038 175.027
0.221038 175.027
0.231038 175.027
0.241038 174.614
0.251038 175.027
0.261038 174.614
0.271038 175.027
0.281038 175.027
0.291038 175.027
0.301038 175.027
0.311038 175.027
0.321038 174.614
0.331038 174.614
0.341038 175.027
0.351038 175.027
0.361038 175.027
0.371038 175.027
0.381038 175.027
0.391038 174.614
0.401038 174.614
0.411038 175.027
0.421038 175.027
0.431038 175.027
0.441038 175.027
0.451038 175.027
0.461038 174.614
0.471038 174.614
0.481038 175.027
0.491038 175.027
0.501038 175.027
0.511038 175.027
0.521038 175.027
0.531038 174.614
0.541038 175.027
0.551038 174.614
0.561038 175.027
0.571038 175.027
0.581038 175.027
0.591038 175.027
0.601038 174.614
0.611038 174.614
0.621038 175.027
0.631038 175.027
0.641038 175.027
0.651038 175.027
0.661038 175.027
0.671038 174.202
0.681038 175.027
0.691038 175.027
0.701038 175.027
0.711038 175.027
0.721038 175.027
0.731038 175.027
0.741038 175.027
0.751038 174.202
0.761038 175.027
0.771038 175.027
0.781038 175.027
0.791038 175.027
0.801038 175.027
0.811038 174.614
0.821038 174.614
0.831038 175.027
0.841038 175.027
0.851038 175.027
0.861038 175.027
0.871038 175.027
0.881038 174.614
0.891038 175.027
0.901038 174.614
0.911038 175.027
0.921038 175.027
0.931038 175.027
0.941038 175.027
0.951038 175.027
0.961038 174.614
0.971038 174.614
0.981038 175.027
0.991038 175.027
1.00104 175.027
1.01104 175.027
1.02104 175.027
1.03104 174.614
1.04104 174.614
1.05104 175.027
1.06104 175.027
1.07104 175.027
1.08104 175.027
1.09104 175.027
1.10104 174.614
1.11104 174.614
1.12104 175.027
1.13104 175.027
1.14104 175.027
1.15104 175.027
1.16104 175.027
1.17104 174.614
1.18104 174.614
1.19104 175.027
1.20104 175.027
1.21104 175.027
1.22104 175.027
1.23104 175.027
1.24104 174.614
1.25104 174.614
1.26104 175.027
1.27104 175.027
1.28104 175.027
1.29104 175.027
1.30104 175.027
1.31104 174.614
1.32104 174.614
1.33104 175.027
1.34104 175.027
1.35104 175.027
1.36104 175.027
1.37104 175.027
1.38104 174.202
1.39104 175.027
1.40104 175.027
1.41104 175.027
1.42104 175.027
1.43104 175.027
1.44104 175.027
1.45104 175.027
1.46104 174.202
1.47104 175.027
1.48104 175.027
1.49104 175.027
1.50104 175.027
1.51104 175.027
1.52104 175.027
1.53104 174.202
1.54104 175.027
1.55104 175.027
1.56104 175.027
1.57104 175.027
1.58104 175.027
1.59104 175.027
1.60104 174.202
1.61104 175.027
1.62104 175.027
1.63104 175.027
1.64104 175.027
1.65104 175.027
1.66104 175.027
1.67104 174.202
1.68104 175.027
1.69104 175.027
1.70104 175.027
1.71104 175.027
1.72104 175.027
1.73104 174.614
1.74104 175.027
1.75104 174.614
1.76104 175.027
1.77104 175.027
1.78104 175.027
1.79104 175.027
1.80104 175.027
1.81104 174.202
1.82104 175.027
1.83104 175.027
1.84104 175.027
1.85104 175.027
1.86104 175.027
1.87104 175.027
1.88104 174.202
1.89104 175.027
1.90104 175.027
1.91104 175.027
1.92104 175.027
1.93104 175.027
1.94104 175.027
1.95104 174.202
1.96104 175.027
1.97104 175.027
1.98104 175.027
1.99104 175.027
2.00104 175.027
2.01104 173.789
2.02104 174.202
2.03104 174.614
2.04104 175.027
2.05104 175.027
2.06104 175.027
2.07104 174.614
2.08104 175.027
2.09104 168.01
2.10104 175.027
2.11104 174.614
2.12104 175.027
2.13104 175.027
2.14104 174.614
2.15104 175.027
2.16104 175.027
2.17104 175.027
2.18104 175.027
2.19104 174.614
2.20104 175.027
2.21104 174.614
2.22104 175.027
2.23104 175.027
2.24104 175.027
2.25104 175.027
2.26104 174.614
2.27104 175.027
2.28104 174.614
2.29104 175.027
2.30104 175.027
2.31104 175.027
2.32104 174.614
2.33104 175.027
2.34104 175.027
2.35104 174.614
2.36104 175.027
2.37104 175.027
2.38104 175.027
2.39104 174.614
2.40104 175.027
2.41104 175.027
2.42104 175.027
2.43104 174.614
2.44104 175.027
2.45104 175.027
2.46104 174.614
2.47104 175.027
2.48104 174.614
2.49104 175.027
2.50104 175.027
2.51104 175.027
2.52104 175.027
2.53104 174.614
2.54104 175.027
2.55104 175.027
2.56104 174.614
2.57104 175.027
2.58104 175.027
2.59104 174.614
2.60104 175.027
2.61104 175.027
2.62104 175.027
2.63104 174.614
2.64104 175.027
2.65104 175.027
2.66104 174.614
2.67104 175.027
2.68104 175.027
2.69104 175.027
2.70104 174.614
2.71104 175.027
2.72104 175.027
2.73104 175.027
2.74104 174.614
2.75104 175.027
2.76104 174.614
2.77104 175.027
2.78104 175.027
2.79104 175.027
2.80104 175.027
2.81104 174.614
2.82104 175.027
2.83104 174.614
2.84104 175.027
2.85104 175.027
2.86104 175.027
2.87104 174.614
2.88104 175.027
2.89104 175.027
2.90104 174.614
2.91104 175.027
2.92104 175.027
2.93104 175.027
2.94104 174.614
2.95104 175.027
2.96104 174.614
2.97104 175.027
2.98104 175.027
2.99104 175.027
3.00104 175.027
3.01104 174.614
3.02104 175.027
3.03104 174.614
3.04104 175.027
3.05104 175.027
3.06104 175.027
3.07104 175.027
3.08104 175.027
3.09104 174.614
3.10104 174.614
3.11104 175.027
3.12104 175.027
3.13104 175.027
3.14104 175.027
3.15104 174.614
3.16104 175.027
3.17104 175.027
3.18104 174.614
3.19104 175.027
3.20104 175.027
3.21104 175.027
3.22104 175.027
3.23104 174.614
3.24104 175.027
3.25104 174.614
3.26104 175.027
3.27104 175.027
3.28104 175.027
3.29104 175.027
3.30104 174.614
3.31104 175.027
3.32104 174.614
3.33104 175.027
3.34104 175.027
3.35104 175.027
3.36104 175.027
3.37104 174.614
3.38104 175.027
3.39104 174.614
3.40104 175.027
3.41104 175.027
3.42104 175.027
3.43104 175.027
3.44104 174.614
3.45104 175.027
3.46104 175.027
3.47104 174.614
3.48104 175.027
3.49104 175.027
3.50104 175.027
3.51104 174.614
3.52104 175.027
3.53104 174.614
3.54104 175.027
3.55104 175.027
3.56104 175.027
3.57104 175.027
3.58104 174.614
3.59104 175.027
3.60104 175.027
3.61104 174.614
3.62104 175.027
3.63104 175.027
3.64104 175.027
3.65104 174.614
3.66104 175.027
3.67104 175.027
3.68104 174.614
3.69104 175.027
3.70104 175.027
3.71104 175.027
3.72104 174.614
3.73104 175.027
3.74104 175.027
3.75104 174.614
3.76104 175.027
3.77104 175.027
3.78104 174.614
3.79104 175.027
3.80104 175.027
3.81104 175.027
3.82104 174.614
3.83104 175.027
3.84104 175.027
3.85104 175.027
3.86104 174.614
3.87104 175.027
3.88104 174.614
3.89104 175.027
3.90104 175.027
3.91104 175.027
3.92104 175.027
3.93104 174.614
3.94104 175.027
3.95104 175.027
3.96104 174.614
3.97104 175.027
3.98104 175.027
3.99104 175.027
4.00104 174.614
4.01104 175.027
4.02104 175.027
4.03104 174.614
4.04104 175.027
4.05104 163.056
4.06104 175.027
4.07104 175.027
4.08104 174.614
4.09104 175.027
4.10104 175.027
4.11104 175.027
4.12104 174.614
4.13104 171.725
4.14104 175.027
4.15104 175.027
4.16104 175.027
4.17104 174.614
4.18104 175.027
4.19104 174.614
4.20104 175.027
4.21104 175.027
4.22104 175.027
4.23104 174.614
4.24104 175.027
4.25104 175.027
4.26104 174.614
4.27104 175.027
4.28104 175.027
4.29104 175.027
4.30104 175.027
4.31104 174.614
4.32104 175.027
4.33104 174.614
4.34104 175.027
4.35104 175.027
4.36104 175.027
4.37104 174.614
4.38104 175.027
4.39104 175.027
4.40104 174.614
4.41104 175.027
4.42104 175.027
4.43104 175.027
4.44104 175.027
4.45104 174.614
4.46104 174.614
4.47104 175.027
4.48104 175.027
4.49104 175.027
4.50104 175.027
4.51104 174.614
4.52104 175.027
4.53104 174.614
4.54104 175.027
4.55104 175.027
4.56104 175.027
4.57104 175.027
4.58104 174.614
4.59104 175.027
4.60104 175.027
4.61104 174.614
4.62104 175.027
4.63104 175.027
4.64104 175.027
4.65104 174.614
4.66104 175.027
4.67104 174.614
4.68104 175.027
4.69104 175.027
4.70104 175.027
4.71104 175.027
4.72104 175.027
4.73104 174.614
4.74104 174.614
4.75104 175.027
4.76104 175.027
4.77104 175.027
4.78104 175.027
4.79104 175.027
4.80104 174.614
4.81104 174.614
4.82104 175.027
4.83104 175.027
4.84104 175.027
4.85104 175.027
4.86104 175.027
4.87104 174.614
4.88104 174.614
4.89104 175.027
4.90104 175.027
4.91104 175.027
4.92104 175.027
4.93104 175.027
4.94104 174.614
4.95104 175.027
4.96104 174.614
4.97104 175.027
4.98104 175.027
4.99104 175.027
5.00104 175.027
5.01104 174.614
5.02104 174.614
5.03104 175.027
5.04104 175.027
5.05104 175.027
5.06104 175.027
5.07104 175.027
5.08104 174.614
5.09104 175.027
5.10104 174.614
5.11104 175.027
5.12104 175.027
5.13104 175.027
5.14104 174.614
5.15104 175.027
5.16104 175.027
5.17104 174.614
5.18104 175.027
5.19104 175.027
5.20104 175.027
5.21104 175.027
5.22104 174.614
5.23104 175.027
5.24104 174.614
5.25104 175.027
5.26104 175.027
5.27104 175.027
5.28104 175.027
5.29104 174.614
5.30104 175.027
5.31104 174.614
5.32104 175.027
5.33104 175.027
5.34104 175.027
5.35104 174.614
5.36104 175.027
5.37104 175.027
5.38104 175.027
5.39104 174.614
5.40104 175.027
5.41104 174.614
5.42104 175.027
5.43104 175.027
5.44104 175.027
5.45104 175.027
5.46104 174.614
5.47104 175.027
5.48104 175.027
5.49104 174.614
5.50104 175.027
5.51104 175.027
5.52104 175.027
5.53104 174.614
5.54104 175.027
5.55104 175.027
5.56104 174.614
5.57104 175.027
5.58104 175.027
5.59104 175.027
5.60104 174.614
5.61104 175.027
5.62104 175.027
5.63104 174.614
5.64104 175.027
5.65104 175.027
5.66104 175.027
5.67104 174.614
5.68104 175.027
5.69104 175.027
5.70104 174.614
5.71104 175.027
5.72104 175.027
5.73104 175.027
5.74104 174.614
5.75104 175.027
5.76104 175.027
5.77104 174.614
5.78104 175.027
5.79104 175.027
5.80104 175.027
5.81104 174.614
5.82104 175.027
5.83104 175.027
5.84104 174.614
5.85104 175.027
5.86104 175.027
5.87104 175.027
5.88104 175.027
5.89104 174.614
5.90104 174.614
5.91104 175.027
5.92104 175.027
5.93104 175.027
5.94104 175.027
5.95104 175.027
5.96104 174.614
5.97104 174.614
5.98104 175.027
5.99104 175.027
6.00104 175.027
6.01104 175.027
6.02104 175.027
6.03104 174.202
6.04104 175.027
6.05104 175.027
6.06104 175.027
6.07104 175.027
6.08104 175.027
6.09104 175.027
6.10104 174.614
6.11104 174.614
6.12104 175.027
6.13104 175.027
6.14104 175.027
6.15104 175.027
6.16104 175.027
6.17104 174.614
6.18104 174.614
6.19104 175.027
6.20104 175.027
6.21104 175.027
6.22104 175.027
6.23104 175.027
6.24104 174.202
6.25104 175.027
6.26104 175.027
6.27104 175.027
6.28104 175.027
6.29104 175.027
6.30104 174.614
6.31104 175.027
6.32104 174.614
6.33104 175.027
6.34104 175.027
6.35104 175.027
6.36104 175.027
6.37104 175.027
6.38104 174.202
6.39104 175.027
6.40104 175.027
6.41104 175.027
6.42104 175.027
6.43104 175.027
6.44104 174.614
6.45104 175.027
6.46104 174.614
6.47104 175.027
6.48104 175.027
6.49104 175.027
6.50104 174.614
6.51104 175.027
6.52104 175.027
6.53104 174.614
6.54104 175.027
6.55104 175.027
6.56104 175.027
6.57104 174.614
6.58104 175.027
6.59104 174.614
6.60104 175.027
6.61104 175.027
6.62104 175.027
6.63104 175.027
6.64104 174.614
6.65104 175.027
6.66104 175.027
6.67104 174.614
6.68104 175.027
6.69104 175.027
6.70104 175.027
6.71104 175.027
6.72104 174.614
6.73104 174.614
6.74104 175.027
6.75104 175.027
6.76104 175.027
6.77104 175.027
6.78104 175.027
6.79104 174.614
6.80104 175.027
6.81104 174.614
6.82104 175.027
6.83104 175.027
6.84104 175.027
6.85104 175.027
6.86104 175.027
6.87104 174.202
6.88104 175.027
6.89104 175.027
6.90104 175.027
6.91104 175.027
6.92104 175.027
6.93104 175.027
6.94104 174.202
6.95104 175.027
6.96104 175.027
6.97104 175.027
6.98104 175.027
6.99104 175.027
7.00104 175.027
7.01104 174.202
7.02104 175.027
7.03104 175.027
7.04104 175.027
7.05104 175.027
7.06104 175.027
7.07104 174.614
7.08104 175.027
7.09104 174.614
7.10104 175.027
7.11104 175.027
7.12104 175.027
7.13104 174.614
7.14104 175.027
7.15104 175.027
7.16104 174.614
7.17104 175.027
7.18104 175.027
7.19104 175.027
7.20104 175.027
7.21104 174.614
7.22104 175.027
7.23104 174.614
7.24104 175.027
7.25104 175.027
7.26104 175.027
7.27104 174.614
7.28104 175.027
7.29104 175.027
7.30104 174.614
7.31104 175.027
7.32104 175.027
7.33104 174.614
7.34104 175.027
7.35104 175.027
7.36104 175.027
7.37104 174.614
7.38104 175.027
7.39104 175.027
7.40104 174.614
7.41104 175.027
7.42104 175.027
7.43104 175.027
7.44104 174.614
7.45104 175.027
7.46104 175.027
7.47104 174.614
7.48104 175.027
7.49104 175.027
7.50104 174.614
7.51104 175.027
7.52104 175.027
7.53104 175.027
7.54104 174.614
7.55104 175.027
7.56104 175.027
7.57104 174.614
7.58104 175.027
7.59104 175.027
7.60104 175.027
7.61104 175.027
7.62104 174.614
7.63104 175.027
7.64104 174.614
7.65104 175.027
7.66104 175.027
7.67104 175.027
7.68104 174.614
7.69104 175.027
7.70104 175.027
7.71104 175.027
7.72104 174.614
7.73104 175.027
7.74104 175.027
7.75104 175.027
7.76104 174.614
7.77104 175.027
7.78104 174.614
7.79104 175.027
7.80104 175.027
7.81104 175.027
7.82104 175.027
7.83104 174.614
7.84104 175.027
7.85104 175.027
7.86104 174.614
7.87104 175.027
7.88104 175.027
7.89104 175.027
7.90104 174.614
7.91104 175.027
7.92104 175.027
7.93104 174.614
7.94104 175.027
7.95104 175.027
7.96104 175.027
7.97104 174.614
7.98104 175.027
7.99104 175.027
8.00104 174.614
8.01104 175.027
8.02104 175.027
8.03104 175.027
8.04104 175.027
8.05104 174.614
8.06104 175.027
8.07104 174.614
8.08104 175.027
8.09104 175.027
8.10104 175.027
8.11104 175.027
8.12104 174.614
8.13104 175.027
8.14104 175.027
8.15104 174.614
8.16104 175.027
8.17104 175.027
8.18104 175.027
8.19104 174.614
8.20104 175.027
8.21104 175.027
8.22104 174.614
8.23104 175.027
8.24104 175.027
8.25104 175.027
8.26104 174.614
8.27104 175.027
8.28104 175.027
8.29104 174.614
8.30104 175.027
8.31104 175.027
8.32104 175.027
8.33104 174.614
8.34104 175.027
8.35104 174.614
8.36104 175.027
8.37104 175.027
8.38104 175.027
8.39104 175.027
8.40104 175.027
8.41104 174.614
8.42104 175.027
8.43104 174.614
8.44104 175.027
8.45104 175.027
8.46104 175.027
8.47104 174.614
8.48104 175.027
8.49104 175.027
8.50104 174.614
8.51104 175.027
8.52104 175.027
8.53104 175.027
8.54104 175.027
8.55104 174.614
8.56104 174.614
8.57104 175.027
8.58104 175.027
8.59104 175.027
8.60104 175.027
8.61104 175.027
8.62104 174.614
8.63104 174.614
8.64104 175.027
8.65104 175.027
8.66104 175.027
8.67104 175.027
8.68104 174.614
8.69104 175.027
8.70104 174.614
8.71104 175.027
8.72104 175.027
8.73104 175.027
8.74104 175.027
8.75104 174.614
8.76104 175.027
8.77104 175.027
8.78104 174.614
8.79104 175.027
8.80104 175.027
8.81104 175.027
8.82104 174.614
8.83104 175.027
8.84104 174.614
8.85104 175.027
8.86104 175.027
8.87104 175.027
8.88104 175.027
8.89104 174.614
8.90104 174.614
8.91104 175.027
8.92104 175.027
8.93104 175.027
8.94104 175.027
8.95104 175.027
8.96104 174.614
8.97104 174.614
8.98104 175.027
8.99104 175.027
9.00104 175.027
9.01104 175.027
9.02104 175.027
9.03104 174.614
9.04104 174.614
9.05104 175.027
9.06104 175.027
9.07104 175.027
9.08104 175.027
9.09104 175.027
9.10104 174.614
9.11104 174.614
9.12104 175.027
9.13104 175.027
9.14104 175.027
9.15104 175.027
9.16104 175.027
9.17104 174.614
9.18104 174.614
9.19104 175.027
9.20104 175.027
9.21104 175.027
9.22104 175.027
9.23104 175.027
9.24104 175.027
9.25104 174.202
9.26104 175.027
9.27104 175.027
9.28104 175.027
9.29104 175.027
9.30104 175.027
9.31104 174.614
9.32104 174.614
9.33104 175.027
9.34104 175.027
9.35104 175.027
9.36104 175.027
9.37104 175.027
9.38104 174.614
9.39104 174.614
9.40104 175.027
9.41104 175.027
9.42104 175.027
9.43104 175.027
9.44104 175.027
9.45104 174.202
9.46104 175.027
9.47104 175.027
9.48104 175.027
9.49104 175.027
9.50104 175.027
9.51104 175.027
9.52104 174.614
9.53104 174.614
9.54104 175.027
9.55104 175.027
9.56104 175.027
9.57104 175.027
9.58104 174.614
9.59104 175.027
9.60104 174.614
9.61104 175.027
9.62104 175.027
9.63104 175.027
9.64104 175.027
9.65104 174.614
9.66104 175.027
9.67104 174.614
9.68104 175.027
9.69104 175.027
9.70104 175.027
9.71104 175.027
9.72104 174.614
9.73104 175.027
9.74104 174.614
9.75104 175.027
9.76104 175.027
9.77104 175.027
9.78104 175.027
9.79104 174.614
9.80104 175.027
9.81104 174.614
9.82104 175.027
9.83104 175.027
9.84104 175.027
9.85104 174.614
9.86104 175.027
9.87104 175.027
9.88104 174.614
9.89104 175.027
9.90104 175.027
9.91104 175.027
9.92104 174.614
9.93104 175.027
9.94104 174.614
9.95104 175.027
9.96104 175.027
9.97104 175.027
9.98104 175.027
9.99104 174.614
10.001 175.027
10.011 174.614
