0.123003 4.128
0.133003 8.1472
0.143003 16.2944
0.153003 16.7232
0.163003 27.4432
0.173003 28.3008
0.183003 20.5824
0.193003 21.44
0.203003 26.1568
0.213003 40.3072
0.223003 30.8736
0.233003 27.4432
0.243003 28.7296
0.253003 43.7376
0.263003 48.4544
0.273003 38.1632
0.283003 37.3056
0.293003 44.1664
0.303003 57.4592
0.313003 59.6032
0.323003 51.456
0.333003 49.312
0.343003 68.1792
0.353003 70.752
0.363003 73.7536
0.373003 73.7536
0.383003 75.04
0.393003 85.76
0.403003 89.1904
0.413003 90.9056
0.423003 90.9056
0.433003 90.9056
0.443003 90.9056
0.453003 90.9056
0.463003 90.4768
0.473003 90.8064
0.483003 90.816
0.493003 90.4032
0.503003 90.4032
0.513003 90.816
0.523003 90.4032
0.533003 90.4032
0.543003 90.4032
0.553003 90.816
0.563003 90.4032
0.573003 90.4032
0.583003 90.4032
0.593003 90.816
0.603003 90.4032
0.613003 90.4032
0.623003 90.816
0.633003 90.4032
0.643003 90.4032
0.653003 90.4032
0.663003 90.816
0.673003 90.4032
0.683003 90.4032
0.693003 90.816
0.703003 90.4032
0.713003 90.4032
0.723003 90.4032
0.733003 90.816
0.743003 90.4032
0.753003 90.4032
0.763003 90.816
0.773003 90.4032
0.783003 90.4032
0.793003 90.816
0.803003 90.4032
0.813003 90.4032
0.823003 90.4032
0.833003 90.816
0.843003 90.4032
0.853003 90.4032
0.863003 90.816
0.873003 90.4032
0.883003 90.4032
0.893003 90.4032
0.903003 90.816
0.913003 90.4032
0.923003 90.4032
0.933003 90.4032
0.943003 90.816
0.953003 90.4032
0.963003 90.4032
0.973003 90.816
0.983003 90.4032
0.993003 90.4032
1.003 90.4032
1.013 90.816
1.023 90.4032
1.033 90.4032
1.043 90.816
1.053 90.4032
1.063 90.4032
1.073 90.4032
1.083 90.816
1.093 90.4032
1.103 90.4032
1.113 90.816
1.123 90.4032
1.133 90.4032
1.143 90.4032
1.153 90.816
1.163 90.4032
1.173 90.4032
1.183 90.816
1.193 90.4032
1.203 90.4032
1.213 90.4032
1.223 90.816
1.233 90.4032
1.243 90.4032
1.253 90.816
1.263 90.4032
1.273 90.4032
1.283 90.4032
1.293 90.816
1.303 90.4032
1.313 90.4032
1.323 90.816
1.333 90.4032
1.343 90.4032
1.353 90.4032
1.363 90.816
1.373 90.4032
1.383 90.4032
1.393 90.816
1.403 90.4032
1.413 90.4032
1.423 90.4032
1.433 90.816
1.443 90.4032
1.453 90.4032
1.463 90.816
1.473 90.4032
1.483 90.4032
1.493 90.4032
1.503 90.816
1.513 90.4032
1.523 90.4032
1.533 90.4032
1.543 90.816
1.553 90.4032
1.563 90.4032
1.573 90.816
1.583 90.4032
1.593 90.4032
1.603 90.4032
1.613 90.816
1.623 90.4032
1.633 90.4032
1.643 90.816
1.653 90.4032
1.663 90.4032
1.673 90.4032
1.683 90.816
1.693 90.4032
1.703 90.4032
1.713 90.816
1.723 90.4032
1.733 90.4032
1.743 90.816
1.753 90.4032
1.763 90.4032
1.773 90.4032
1.783 90.816
1.793 90.4032
1.803 90.4032
1.813 90.816
1.823 90.4032
1.833 90.4032
1.843 90.4032
1.853 90.816
1.863 90.4032
1.873 90.4032
1.883 90.816
1.893 90.4032
1.903 90.4032
1.913 90.816
1.923 90.4032
1.933 90.4032
1.943 90.4032
1.953 90.816
1.963 90.4032
1.973 90.4032
1.983 90.816
1.993 90.4032
2.003 90.4032
2.013 81.3216
2.023 90.816
2.033 90.4032
2.043 90.4032
2.053 90.4032
2.063 90.816
2.073 90.4032
2.083 90.4032
2.093 85.4496
2.103 90.4032
2.113 90.816
2.123 90.4032
2.133 90.4032
2.143 90.816
2.153 90.4032
2.163 90.4032
2.173 90.4032
2.183 90.816
2.193 90.4032
2.203 90.4032
2.213 90.816
2.223 90.4032
2.233 90.4032
2.243 90.4032
2.253 90.816
2.263 90.4032
2.273 90.4032
2.283 90.816
2.293 90.4032
2.303 90.4032
2.313 90.4032
2.323 90.816
2.333 90.4032
2.343 90.4032
2.353 90.4032
2.363 90.816
2.373 90.4032
2.383 90.4032
2.393 90.816
2.403 90.4032
2.413 90.4032
2.423 90.4032
2.433 90.816
2.443 90.4032
2.453 90.4032
2.463 90.816
2.473 90.4032
2.483 90.4032
2.493 90.4032
2.503 90.816
2.513 90.4032
2.523 90.4032
2.533 90.4032
2.543 90.816
2.553 90.4032
2.563 90.4032
2.573 90.4032
2.583 90.816
2.593 90.4032
2.603 90.4032
2.613 90.816
2.623 90.4032
2.633 90.4032
2.643 90.4032
2.653 90.816
2.663 90.4032
2.673 90.4032
2.683 90.4032
2.693 90.816
2.703 90.4032
2.713 90.4032
2.723 90.816
2.733 90.4032
2.743 90.4032
2.753 90.4032
2.763 90.816
2.773 90.4032
2.783 90.4032
2.793 90.4032
2.803 90.816
2.813 90.4032
2.823 90.4032
2.833 90.816
2.843 90.4032
2.853 90.4032
2.863 90.4032
2.873 90.816
2.883 90.4032
2.893 90.4032
2.903 90.4032
2.913 90.816
2.923 90.4032
2.933 90.4032
2.943 90.816
2.953 90.4032
2.963 90.4032
2.973 90.4032
2.983 90.816
2.993 90.4032
3.003 90.4032
3.013 90.816
3.023 90.4032
3.033 90.4032
3.043 90.4032
3.053 90.816
3.063 90.4032
3.073 90.4032
3.083 90.4032
3.093 90.816
3.103 90.4032
3.113 90.4032
3.123 90.816
3.133 90.4032
3.143 90.4032
3.153 90.4032
3.163 90.816
3.173 90.4032
3.183 90.4032
3.193 90.816
3.203 90.4032
3.213 90.4032
3.223 90.4032
3.233 90.816
3.243 90.4032
3.253 90.4032
3.263 90.4032
3.273 90.816
3.283 90.4032
3.293 90.4032
3.303 90.816
3.313 90.4032
3.323 90.4032
3.333 90.4032
3.343 90.816
3.353 90.4032
3.363 90.4032
3.373 90.816
3.383 90.4032
3.393 90.4032
3.403 90.4032
3.413 90.816
3.423 90.4032
3.433 90.4032
3.443 90.4032
3.453 90.816
3.463 90.4032
3.473 90.4032
3.483 90.4032
3.493 90.816
3.503 90.4032
3.513 90.4032
3.523 90.816
3.533 90.4032
3.543 90.4032
3.553 90.816
3.563 90.4032
3.573 90.4032
3.583 90.4032
3.593 90.816
3.603 90.4032
3.613 90.4032
3.623 90.4032
3.633 90.816
3.643 90.4032
3.653 90.4032
3.663 90.816
3.673 90.4032
3.683 90.4032
3.693 90.4032
3.703 90.816
3.713 90.4032
3.723 90.4032
3.733 90.4032
3.743 90.816
3.753 90.4032
3.763 90.4032
3.773 90.816
3.783 90.4032
3.793 90.4032
3.803 90.4032
3.813 90.816
3.823 90.4032
3.833 90.4032
3.843 90.816
3.853 90.4032
3.863 90.4032
3.873 90.4032
3.883 90.816
3.893 90.4032
3.903 90.4032
3.913 90.816
3.923 90.4032
3.933 90.4032
3.943 90.4032
3.953 90.816
3.963 90.4032
3.973 90.4032
3.983 90.816
3.993 90.4032
4.003 90.4032
4.013 90.816
4.023 90.4032
4.033 90.4032
4.043 85.0368
4.053 81.7344
4.063 90.816
4.073 90.4032
4.083 90.4032
4.093 90.816
4.103 90.4032
4.113 90.4032
4.123 90.4032
4.133 89.1648
4.143 90.4032
4.153 90.4032
4.163 90.4032
4.173 90.816
4.183 90.4032
4.193 90.4032
4.203 90.816
4.213 90.4032
4.223 90.4032
4.233 90.4032
4.243 90.816
4.253 90.4032
4.263 90.4032
4.273 90.816
4.283 90.4032
4.293 90.4032
4.303 90.4032
4.313 90.816
4.323 90.4032
4.333 90.4032
4.343 90.4032
4.353 90.816
4.363 90.4032
4.373 90.4032
4.383 90.4032
4.393 90.816
4.403 90.4032
4.413 90.4032
4.423 90.816
4.433 90.4032
4.443 90.4032
4.453 90.4032
4.463 90.816
4.473 90.4032
4.483 90.4032
4.493 90.4032
4.503 90.816
4.513 90.4032
4.523 90.4032
4.533 90.4032
4.543 90.816
4.553 90.4032
4.563 90.4032
4.573 90.816
4.583 90.4032
4.593 90.4032
4.603 90.4032
4.613 90.816
4.623 90.4032
4.633 90.4032
4.643 90.4032
4.653 90.816
4.663 90.4032
4.673 90.4032
4.683 90.816
4.693 90.4032
4.703 90.4032
4.713 90.4032
4.723 90.816
4.733 90.4032
4.743 90.4032
4.753 90.4032
4.763 90.816
4.773 90.4032
4.783 90.4032
4.793 90.4032
4.803 90.816
4.813 90.4032
4.823 90.4032
4.833 90.816
4.843 90.4032
4.853 90.4032
4.863 90.4032
4.873 90.816
4.883 90.4032
4.893 90.4032
4.903 90.816
4.913 90.4032
4.923 90.4032
4.933 90.4032
4.943 90.816
4.953 90.4032
4.963 90.4032
4.973 90.816
4.983 90.4032
4.993 90.4032
5.003 90.4032
5.013 90.816
5.023 90.4032
5.033 90.4032
5.043 90.4032
5.053 90.816
5.063 90.4032
5.073 90.4032
5.083 90.816
5.093 90.4032
5.103 90.4032
5.113 90.4032
5.123 90.816
5.133 90.4032
5.143 90.4032
5.153 90.4032
5.163 90.816
5.173 90.4032
5.183 90.4032
5.193 90.816
5.203 90.4032
5.213 90.4032
5.223 90.816
5.233 90.4032
5.243 90.4032
5.253 90.4032
5.263 90.816
5.273 90.4032
5.283 90.4032
5.293 90.816
5.303 90.4032
5.313 90.4032
5.323 90.4032
5.333 90.816
5.343 90.4032
5.353 90.4032
5.363 90.816
5.373 90.4032
5.383 90.4032
5.393 90.4032
5.403 90.816
5.413 90.4032
5.423 90.4032
5.433 90.816
5.443 90.4032
5.453 90.4032
5.463 90.4032
5.473 90.816
5.483 90.4032
5.493 90.4032
5.503 90.816
5.513 90.4032
5.523 90.4032
5.533 90.4032
5.543 90.816
5.553 90.4032
5.563 90.4032
5.573 90.816
5.583 90.4032
5.593 90.4032
5.603 90.4032
5.613 90.816
5.623 90.4032
5.633 90.4032
5.643 90.4032
5.653 90.816
5.663 90.4032
5.673 90.4032
5.683 90.816
5.693 90.4032
5.703 90.4032
5.713 90.4032
5.723 90.816
5.733 90.4032
5.743 90.4032
5.753 90.816
5.763 90.4032
5.773 90.4032
5.783 90.4032
5.793 90.816
5.803 90.4032
5.813 90.4032
5.823 90.4032
5.833 90.816
5.843 90.4032
5.853 90.4032
5.863 90.816
5.873 90.4032
5.883 90.4032
5.893 90.4032
5.903 90.816
5.913 90.4032
5.923 90.4032
5.933 90.4032
5.943 90.816
5.953 90.4032
5.963 90.4032
5.973 90.4032
5.983 90.816
5.993 90.4032
6.003 90.4032
6.013 90.816
6.023 90.4032
6.033 90.4032
6.043 90.4032
6.053 90.816
6.063 90.4032
6.073 90.4032
6.083 90.4032
6.093 90.816
6.103 90.4032
6.113 90.4032
6.123 90.4032
6.133 90.816
6.143 90.4032
6.153 90.4032
6.163 90.816
6.173 90.4032
6.183 90.4032
6.193 90.4032
6.203 90.816
6.213 90.4032
6.223 90.4032
6.233 90.816
6.243 90.4032
6.253 90.4032
6.263 90.4032
6.273 90.816
6.283 90.4032
6.293 90.4032
6.303 90.816
6.313 90.4032
6.323 90.4032
6.333 90.4032
6.343 90.816
6.353 90.4032
6.363 90.4032
6.373 90.4032
6.383 90.816
6.393 90.4032
6.403 90.4032
6.413 90.816
6.423 90.4032
6.433 90.4032
6.443 90.816
6.453 90.4032
6.463 90.4032
6.473 90.4032
6.483 90.816
6.493 90.4032
6.503 90.4032
6.513 90.816
6.523 90.4032
6.533 90.4032
6.543 90.4032
6.553 90.816
6.563 90.4032
6.573 90.4032
6.583 90.4032
6.593 90.816
6.603 90.4032
6.613 90.4032
6.623 90.816
6.633 90.4032
6.643 90.4032
6.653 90.4032
6.663 90.816
6.673 90.4032
6.683 90.4032
6.693 90.816
6.703 90.4032
6.713 90.4032
6.723 90.816
6.733 90.4032
6.743 90.4032
6.753 90.4032
6.763 90.816
6.773 90.4032
6.783 90.4032
6.793 90.4032
6.803 90.816
6.813 90.4032
6.823 90.4032
6.833 90.816
6.843 90.4032
6.853 90.4032
6.863 90.4032
6.873 90.816
6.883 90.4032
6.893 90.4032
6.903 90.4032
6.913 90.816
6.923 90.4032
6.933 90.4032
6.943 90.816
6.953 90.4032
6.963 90.4032
6.973 90.4032
6.983 90.816
6.993 90.4032
7.003 90.4032
7.013 90.4032
7.023 90.816
7.033 90.4032
7.043 90.4032
7.053 90.816
7.063 90.4032
7.073 90.4032
7.083 90.816
7.093 90.4032
7.103 90.4032
7.113 90.4032
7.123 90.816
7.133 90.4032
7.143 90.4032
7.153 90.816
7.163 90.4032
7.173 90.4032
7.183 90.4032
7.193 90.816
7.203 90.4032
7.213 90.4032
7.223 90.816
7.233 90.4032
7.243 90.4032
7.253 90.4032
7.263 90.816
7.273 90.4032
7.283 90.4032
7.293 90.4032
7.303 90.816
7.313 90.4032
7.323 90.4032
7.333 90.816
7.343 90.4032
7.353 90.4032
7.363 90.4032
7.373 90.816
7.383 90.4032
7.393 90.4032
7.403 90.4032
7.413 90.816
7.423 90.4032
7.433 90.4032
7.443 90.4032
7.453 90.816
7.463 90.4032
7.473 90.4032
7.483 90.816
7.493 90.4032
7.503 90.4032
7.513 90.4032
7.523 90.816
7.533 90.4032
7.543 90.4032
7.553 90.816
7.563 90.4032
7.573 90.4032
7.583 90.4032
7.593 90.816
7.603 90.4032
7.613 90.4032
7.623 90.816
7.633 90.4032
7.643 90.4032
7.653 90.4032
7.663 90.816
7.673 90.4032
7.683 90.4032
7.693 90.816
7.703 90.4032
7.713 90.4032
7.723 90.4032
7.733 90.816
7.743 90.4032
7.753 90.4032
7.763 90.4032
7.773 90.816
7.783 90.4032
7.793 90.4032
7.803 90.816
7.813 90.4032
7.823 90.4032
7.833 90.4032
7.843 90.816
7.853 90.4032
7.863 90.4032
7.873 90.4032
7.883 90.816
7.893 90.4032
7.903 90.4032
7.913 90.816
7.923 90.4032
7.933 90.4032
7.943 90.4032
7.953 90.816
7.963 90.4032
7.973 90.4032
7.983 90.816
7.993 90.4032
8.003 90.4032
8.013 90.4032
8.023 90.816
8.033 90.4032
8.043 90.4032
8.053 90.816
8.063 90.4032
8.073 90.4032
8.083 90.816
8.093 90.4032
8.103 90.4032
8.113 90.4032
8.123 90.816
8.133 90.4032
8.143 90.4032
8.153 90.816
8.163 90.4032
8.173 90.4032
8.183 90.4032
8.193 90.816
8.203 90.4032
8.213 90.4032
8.223 90.816
8.233 90.4032
8.243 90.4032
8.253 90.4032
8.263 90.816
8.273 90.4032
8.283 90.4032
8.293 90.816
8.303 90.4032
8.313 90.4032
8.323 90.4032
8.333 90.816
8.343 90.4032
8.353 90.4032
8.363 90.816
8.373 90.4032
8.383 90.4032
8.393 90.4032
8.403 90.816
8.413 90.4032
8.423 90.4032
8.433 90.816
8.443 90.4032
8.453 90.4032
8.463 90.4032
8.473 90.816
8.483 90.4032
8.493 90.4032
8.503 90.4032
8.513 90.816
8.523 90.4032
8.533 90.4032
8.543 90.816
8.553 90.4032
8.563 90.4032
8.573 90.4032
8.583 90.816
8.593 90.4032
8.603 90.4032
8.613 90.4032
8.623 90.816
8.633 90.4032
8.643 90.4032
8.653 90.816
8.663 90.4032
8.673 90.4032
8.683 90.4032
8.693 90.816
8.703 90.4032
8.713 90.4032
8.723 90.4032
8.733 90.816
8.743 90.4032
8.753 90.4032
8.763 90.816
8.773 90.4032
8.783 90.4032
8.793 90.4032
8.803 90.816
8.813 90.4032
8.823 90.4032
8.833 90.816
8.843 90.4032
8.853 90.4032
8.863 90.4032
8.873 90.816
8.883 90.4032
8.893 90.4032
8.903 90.4032
8.913 90.816
8.923 90.4032
8.933 90.4032
8.943 90.4032
8.953 90.816
8.963 90.4032
8.973 90.4032
8.983 90.816
8.993 90.4032
9.003 90.4032
9.013 90.4032
9.023 90.816
9.033 90.4032
9.043 90.4032
9.053 90.816
9.063 90.4032
9.073 90.4032
9.083 90.4032
9.093 90.816
9.103 90.4032
9.113 90.4032
9.123 90.816
9.133 90.4032
9.143 90.4032
9.153 90.4032
9.163 90.816
9.173 90.4032
9.183 90.4032
9.193 90.816
9.203 90.4032
9.213 90.4032
9.223 90.4032
9.233 90.816
9.243 90.4032
9.253 90.4032
9.263 90.4032
9.273 90.816
9.283 90.4032
9.293 90.4032
9.303 90.4032
9.313 90.816
9.323 90.4032
9.333 90.4032
9.343 90.816
9.353 90.4032
9.363 90.4032
9.373 90.4032
9.383 90.816
9.393 90.4032
9.403 90.4032
9.413 90.816
9.423 90.4032
9.433 90.4032
9.443 90.4032
9.453 90.816
9.463 90.4032
9.473 90.4032
9.483 90.816
9.493 90.4032
9.503 90.4032
9.513 90.4032
9.523 90.816
9.533 90.4032
9.543 90.4032
9.553 90.816
9.563 90.4032
9.573 90.4032
9.583 90.4032
9.593 90.816
9.603 90.4032
9.613 90.4032
9.623 90.4032
9.633 90.816
9.643 90.4032
9.653 90.4032
9.663 90.816
9.673 90.4032
9.683 90.4032
9.693 90.4032
9.703 90.816
9.713 90.4032
9.723 90.4032
9.733 90.4032
9.743 90.816
9.753 90.4032
9.763 90.4032
9.773 90.816
9.783 90.4032
9.793 90.4032
9.803 90.4032
9.813 90.816
9.823 90.4032
9.833 90.4032
9.843 90.816
9.853 90.4032
9.863 90.4032
9.873 90.4032
9.883 90.816
9.893 90.4032
9.903 90.4032
9.913 90.4032
9.923 90.816
9.933 90.4032
9.943 90.4032
9.953 90.4032
9.963 90.816
9.973 90.4032
9.983 90.4032
9.993 90.4032
10.003 90.816
10.013 90.4032
