0.123029 4.128
0.133029 8.1472
0.143029 8.1472
0.153029 8.576
0.163029 10.2912
0.173029 17.152
0.183029 11.5776
0.193029 11.5776
0.203029 11.5776
0.213029 14.5792
0.223029 20.1536
0.233029 18.0096
0.243029 15.008
0.253029 15.8656
0.263029 18.4384
0.273029 24.4416
0.283029 25.2992
0.293029 22.2976
0.303029 21.0112
0.313029 24.8704
0.323029 30.016
0.333029 31.7312
0.343029 33.0176
0.353029 30.4448
0.363029 32.5888
0.373029 37.7344
0.383029 40.3072
0.393029 42.0224
0.403029 43.7376
0.413029 45.4528
0.423029 45.4528
0.433029 45.4528
0.443029 45.4528
0.453029 45.024
0.463029 45.4528
0.473029 45.4528
0.483029 45.4528
0.493029 45.4528
0.503029 45.4528
0.513029 45.4528
0.523029 45.4528
0.533029 45.4528
0.543029 45.024
0.553029 45.4528
0.563029 45.4528
0.573029 45.4528
0.583029 45.4528
0.593029 45.4528
0.603029 45.4528
0.613029 45.4528
0.623029 45.4528
0.633029 45.4528
0.643029 45.4528
0.653029 45.4528
0.663029 45.024
0.673029 45.4528
0.683029 45.4528
0.693029 45.4528
0.703029 45.4528
0.713029 45.424
0.723029 45.408
0.733029 44.9952
0.743029 45.408
0.753029 44.9952
0.763029 45.408
0.773029 45.408
0.783029 44.9952
0.793029 45.408
0.803029 45.408
0.813029 21.4656
0.823029 0
0.833029 104.851
0.843029 17.7504
0.853029 45.408
0.863029 45.1904
0.873029 45.4528
0.883029 45.4528
0.893029 45.4528
0.903029 45.024
0.913029 45.4528
0.923029 45.4528
0.933029 45.4528
0.943029 45.4528
0.953029 45.4528
0.963029 45.4528
0.973029 45.4528
0.983029 45.4528
0.993029 45.4528
1.00303 45.4528
1.01303 45.4528
1.02303 45.024
1.03303 45.4528
1.04303 45.4528
1.05303 45.4528
1.06303 45.4528
1.07303 45.4528
1.08303 45.4528
1.09303 45.4528
1.10303 45.4528
1.11303 45.4528
1.12303 45.4528
1.13303 45.4528
1.14303 45.024
1.15303 45.4528
1.16303 45.4528
1.17303 45.4528
1.18303 45.4528
1.19303 45.4528
1.20303 45.4528
1.21303 45.4528
1.22303 45.4528
1.23303 45.4528
1.24303 45.4528
1.25303 45.4528
1.26303 45.4528
1.27303 45.4528
1.28303 45.024
1.29303 45.4528
1.30303 45.4528
1.31303 45.4528
1.32303 45.4528
1.33303 45.4528
1.34303 45.4528
1.35303 45.4528
1.36303 45.4528
1.37303 45.4528
1.38303 45.4528
1.39303 45.4528
1.40303 45.024
1.41303 45.4528
1.42303 45.4528
1.43303 45.4528
1.44303 45.4528
1.45303 45.4528
1.46303 45.4528
1.47303 45.4528
1.48303 45.4528
1.49303 45.4528
1.50303 45.4528
1.51303 45.4528
1.52303 45.2864
1.53303 45.0112
1.54303 45.4752
1.55303 45.3248
1.56303 44.9792
1.57303 45.408
1.58303 44.9952
1.59303 45.408
1.60303 45.408
1.61303 44.9952
1.62303 21.0528
1.63303 0
1.64303 104.851
1.65303 18.576
1.66303 45.408
1.67303 45.0688
1.68303 45.4528
1.69303 45.4528
1.70303 45.4528
1.71303 45.4528
1.72303 45.4528
1.73303 45.024
1.74303 45.4528
1.75303 45.4528
1.76303 45.4528
1.77303 45.4528
1.78303 45.4528
1.79303 45.4528
1.80303 45.4528
1.81303 45.4528
1.82303 45.4528
1.83303 45.4528
1.84303 45.4528
1.85303 45.024
1.86303 45.4528
1.87303 45.4528
1.88303 45.4528
1.89303 45.4528
1.90303 45.4528
1.91303 45.4528
1.92303 45.4528
1.93303 45.4528
1.94303 45.4528
1.95303 45.4528
1.96303 45.4528
1.97303 45.4528
1.98303 45.4528
1.99303 45.024
2.00303 45.4528
2.01303 45.4528
2.02303 43.7376
2.03303 45.4528
2.04303 45.4528
2.05303 45.4528
2.06303 45.4528
2.07303 45.4528
2.08303 45.4528
2.09303 43.3088
2.10303 45.4528
2.11303 45.4528
2.12303 45.4528
2.13303 45.4528
2.14303 45.4528
2.15303 45.4528
2.16303 45.4528
2.17303 45.4528
2.18303 45.4528
2.19303 45.4528
2.20303 45.4528
2.21303 45.024
2.22303 45.4528
2.23303 45.4528
2.24303 45.4528
2.25303 45.4528
2.26303 45.4528
2.27303 45.4528
2.28303 45.4528
2.29303 45.4528
2.30303 45.4528
2.31303 45.4528
2.32303 45.4528
2.33303 45.4528
2.34303 45.024
2.35303 45.4528
2.36303 45.4528
2.37303 45.4528
2.38303 45.4528
2.39303 45.4528
2.40303 45.4528
2.41303 45.4528
2.42303 45.4528
2.43303 45.024
2.44303 45.4528
2.45303 45.4528
2.46303 45.4528
2.47303 45.4528
2.48303 45.4528
2.49303 45.4528
2.50303 45.4528
2.51303 45.4528
2.52303 45.4528
2.53303 45.4528
2.54303 45.4528
2.55303 45.4528
2.56303 45.4528
2.57303 45.024
2.58303 45.4528
2.59303 45.4528
2.60303 45.4528
2.61303 45.4528
2.62303 45.4528
2.63303 45.4528
2.64303 45.4528
2.65303 45.4528
2.66303 45.024
2.67303 45.4528
2.68303 45.4528
2.69303 45.4528
2.70303 45.4528
2.71303 45.4528
2.72303 45.4528
2.73303 45.4528
2.74303 45.4528
2.75303 45.4528
2.76303 45.4528
2.77303 45.024
2.78303 45.4528
2.79303 45.4528
2.80303 45.4528
2.81303 45.4528
2.82303 45.4528
2.83303 45.4528
2.84303 45.4528
2.85303 45.4528
2.86303 45.4528
2.87303 45.4528
2.88303 45.024
2.89303 45.4528
2.90303 45.4528
2.91303 45.4528
2.92303 45.4528
2.93303 45.4528
2.94303 45.4528
2.95303 45.4528
2.96303 45.4528
2.97303 45.4528
2.98303 45.4528
2.99303 45.4528
3.00303 45.024
3.01303 45.4528
3.02303 45.4528
3.03303 45.4528
3.04303 45.4528
3.05303 45.4528
3.06303 45.4528
3.07303 45.4528
3.08303 45.4528
3.09303 45.4528
3.10303 45.4528
3.11303 45.4528
3.12303 45.024
3.13303 45.4528
3.14303 45.4528
3.15303 45.4528
3.16303 45.4528
3.17303 45.4528
3.18303 45.4528
3.19303 45.4528
3.20303 45.4528
3.21303 45.4528
3.22303 45.4528
3.23303 45.4528
3.24303 45.4528
3.25303 45.024
3.26303 45.4528
3.27303 45.4528
3.28303 45.4528
3.29303 45.4528
3.30303 45.4528
3.31303 45.4528
3.32303 45.4528
3.33303 45.4528
3.34303 45.4528
3.35303 45.4528
3.36303 45.4528
3.37303 45.4528
3.38303 45.024
3.39303 45.4528
3.40303 45.4528
3.41303 45.4528
3.42303 45.4528
3.43303 45.4528
3.44303 45.4528
3.45303 45.4528
3.46303 45.4528
3.47303 45.4528
3.48303 45.4528
3.49303 45.024
3.50303 45.4528
3.51303 45.4528
3.52303 45.4528
3.53303 45.4528
3.54303 45.4528
3.55303 45.4528
3.56303 45.4528
3.57303 45.4528
3.58303 45.4528
3.59303 45.4528
3.60303 45.024
3.61303 45.4528
3.62303 45.4528
3.63303 45.4528
3.64303 45.4528
3.65303 45.4528
3.66303 45.4528
3.67303 45.4528
3.68303 45.4528
3.69303 45.4528
3.70303 45.4528
3.71303 45.024
3.72303 45.4528
3.73303 45.4528
3.74303 45.4528
3.75303 45.4528
3.76303 45.4528
3.77303 45.4528
3.78303 45.4528
3.79303 45.4528
3.80303 45.4528
3.81303 45.4528
3.82303 45.4528
3.83303 45.024
3.84303 45.4528
3.85303 45.4528
3.86303 45.4528
3.87303 45.4528
3.88303 45.4528
3.89303 45.4528
3.90303 45.4528
3.91303 45.4528
3.92303 45.4528
3.93303 45.4528
3.94303 45.4528
3.95303 45.4528
3.96303 45.024
3.97303 45.4528
3.98303 45.4528
3.99303 45.4528
4.00303 45.4528
4.01303 45.4528
4.02303 45.4528
4.03303 45.4528
4.04303 45.4528
4.05303 43.3088
4.06303 45.4528
4.07303 45.4528
4.08303 45.4528
4.09303 45.4528
4.10303 45.4528
4.11303 45.4528
4.12303 45.4528
4.13303 45.024
4.14303 44.1664
4.15303 45.4528
4.16303 45.4528
4.17303 45.4528
4.18303 45.024
4.19303 45.4528
4.20303 45.4528
4.21303 45.4528
4.22303 45.4528
4.23303 45.4528
4.24303 45.4528
4.25303 45.4528
4.26303 45.4528
4.27303 45.4528
4.28303 45.4528
4.29303 45.4528
4.30303 45.024
4.31303 45.4528
4.32303 45.4528
4.33303 45.4528
4.34303 45.4528
4.35303 45.4528
4.36303 45.4528
4.37303 45.4528
4.38303 45.4528
4.39303 45.4528
4.40303 45.4528
4.41303 45.024
4.42303 45.4528
4.43303 45.4528
4.44303 45.4528
4.45303 45.4528
4.46303 45.4528
4.47303 45.4528
4.48303 45.4528
4.49303 45.4528
4.50303 45.4528
4.51303 45.4528
4.52303 45.4528
4.53303 45.4528
4.54303 45.024
4.55303 45.4528
4.56303 45.4528
4.57303 45.4528
4.58303 45.4528
4.59303 45.4528
4.60303 45.4528
4.61303 45.4528
4.62303 45.4528
4.63303 45.4528
4.64303 45.4528
4.65303 45.024
4.66303 45.4528
4.67303 45.4528
4.68303 45.4528
4.69303 45.4528
4.70303 45.4528
4.71303 45.4528
4.72303 45.4528
4.73303 45.4528
4.74303 45.4528
4.75303 45.024
4.76303 45.4528
4.77303 45.4528
4.78303 45.4528
4.79303 45.4528
4.80303 45.4528
4.81303 45.4528
4.82303 45.4528
4.83303 45.4528
4.84303 45.4528
4.85303 45.4528
4.86303 45.4528
4.87303 45.4528
4.88303 45.024
4.89303 45.4528
4.90303 45.4528
4.91303 45.4528
4.92303 45.4528
4.93303 45.4528
4.94303 45.4528
4.95303 45.4528
4.96303 45.4528
4.97303 45.4528
4.98303 45.4528
4.99303 45.4528
5.00303 45.024
5.01303 45.4528
5.02303 45.4528
5.03303 45.4528
5.04303 45.4528
5.05303 45.4528
5.06303 45.4528
5.07303 45.4528
5.08303 45.4528
5.09303 45.4528
5.10303 45.024
5.11303 45.4528
5.12303 45.4528
5.13303 45.4528
5.14303 45.4528
5.15303 45.4528
5.16303 45.4528
5.17303 45.4528
5.18303 45.4528
5.19303 45.4528
5.20303 45.4528
5.21303 45.4528
5.22303 45.4528
5.23303 45.4528
5.24303 45.024
5.25303 45.4528
5.26303 45.4528
5.27303 45.4528
5.28303 45.4528
5.29303 45.4528
5.30303 45.4528
5.31303 45.4528
5.32303 45.4528
5.33303 45.4528
5.34303 45.4528
5.35303 45.024
5.36303 45.4528
5.37303 45.4528
5.38303 45.4528
5.39303 45.4528
5.40303 45.4528
5.41303 45.4528
5.42303 45.4528
5.43303 45.4528
5.44303 45.4528
5.45303 45.4528
5.46303 45.024
5.47303 45.4528
5.48303 45.4528
5.49303 45.4528
5.50303 45.4528
5.51303 45.4528
5.52303 45.4528
5.53303 45.4528
5.54303 45.4528
5.55303 45.4528
5.56303 45.4528
5.57303 45.024
5.58303 45.4528
5.59303 45.4528
5.60303 45.4528
5.61303 45.4528
5.62303 45.4528
5.63303 45.4528
5.64303 45.4528
5.65303 45.4528
5.66303 45.4528
5.67303 45.4528
5.68303 45.4528
5.69303 45.024
5.70303 45.4528
5.71303 45.4528
5.72303 45.4528
5.73303 45.4528
5.74303 45.4528
5.75303 45.4528
5.76303 45.4528
5.77303 45.4528
5.78303 45.4528
5.79303 45.024
5.80303 45.4528
5.81303 45.4528
5.82303 45.4528
5.83303 45.4528
5.84303 45.4528
5.85303 45.4528
5.86303 45.4528
5.87303 45.4528
5.88303 45.4528
5.89303 45.4528
5.90303 45.4528
5.91303 45.024
5.92303 45.4528
5.93303 45.4528
5.94303 45.4528
5.95303 45.4528
5.96303 45.4528
5.97303 45.4528
5.98303 45.4528
5.99303 45.4528
6.00303 45.4528
6.01303 45.4528
6.02303 45.4528
6.03303 45.4528
6.04303 45.024
6.05303 45.4528
6.06303 45.4528
6.07303 45.4528
6.08303 45.4528
6.09303 45.4528
6.10303 45.4528
6.11303 45.4528
6.12303 45.4528
6.13303 45.4528
6.14303 45.4528
6.15303 45.4528
6.16303 45.024
6.17303 45.4528
6.18303 45.4528
6.19303 45.4528
6.20303 45.4528
6.21303 45.4528
6.22303 45.4528
6.23303 45.4528
6.24303 45.4528
6.25303 45.4528
6.26303 45.4528
6.27303 45.4528
6.28303 45.4528
6.29303 45.024
6.30303 45.4528
6.31303 45.4528
6.32303 45.4528
6.33303 45.4528
6.34303 45.4528
6.35303 45.4528
6.36303 45.4528
6.37303 45.4528
6.38303 45.4528
6.39303 45.024
6.40303 45.4528
6.41303 45.4528
6.42303 45.4528
6.43303 45.4528
6.44303 45.4528
6.45303 45.4528
6.46303 45.4528
6.47303 45.4528
6.48303 45.4528
6.49303 45.4528
6.50303 45.4528
6.51303 45.024
6.52303 45.4528
6.53303 45.4528
6.54303 45.4528
6.55303 45.4528
6.56303 45.4528
6.57303 45.4528
6.58303 45.4528
6.59303 45.4528
6.60303 45.4528
6.61303 45.4528
6.62303 45.024
6.63303 45.4528
6.64303 45.4528
6.65303 45.4528
6.66303 45.4528
6.67303 45.4528
6.68303 45.4528
6.69303 45.4528
6.70303 45.4528
6.71303 45.4528
6.72303 45.024
6.73303 45.4528
6.74303 45.4528
6.75303 45.4528
6.76303 45.4528
6.77303 45.4528
6.78303 45.4528
6.79303 45.4528
6.80303 45.4528
6.81303 45.4528
6.82303 45.024
6.83303 45.4528
6.84303 45.4528
6.85303 45.4528
6.86303 45.4528
6.87303 45.4528
6.88303 45.4528
6.89303 45.4528
6.90303 45.4528
6.91303 45.4528
6.92303 45.4528
6.93303 45.4528
6.94303 45.024
6.95303 45.4528
6.96303 45.4528
6.97303 45.4528
6.98303 45.4528
6.99303 45.4528
7.00303 45.4528
7.01303 45.4528
7.02303 45.4528
7.03303 45.4528
7.04303 45.4528
7.05303 45.024
7.06303 45.4528
7.07303 45.4528
7.08303 45.4528
7.09303 45.4528
7.10303 45.4528
7.11303 45.4528
7.12303 45.4528
7.13303 45.4528
7.14303 45.4528
7.15303 45.4528
7.16303 45.024
7.17303 45.4528
7.18303 45.4528
7.19303 45.4528
7.20303 45.4528
7.21303 45.4528
7.22303 45.4528
7.23303 45.4528
7.24303 45.4528
7.25303 45.4528
7.26303 45.4528
7.27303 45.4528
7.28303 45.024
7.29303 45.4528
7.30303 45.4528
7.31303 45.4528
7.32303 45.4528
7.33303 45.4528
7.34303 45.4528
7.35303 45.4528
7.36303 45.4528
7.37303 45.4528
7.38303 45.4528
7.39303 45.4528
7.40303 45.4528
7.41303 45.4528
7.42303 45.4528
7.43303 45.024
7.44303 45.4528
7.45303 45.4528
7.46303 45.4528
7.47303 45.4528
7.48303 45.4528
7.49303 45.4528
7.50303 45.4528
7.51303 45.4528
7.52303 45.4528
7.53303 45.4528
7.54303 45.024
7.55303 45.4528
7.56303 45.4528
7.57303 45.4528
7.58303 45.4528
7.59303 45.4528
7.60303 45.4528
7.61303 45.4528
7.62303 45.4528
7.63303 45.4528
7.64303 45.4528
7.65303 45.4528
7.66303 45.4528
7.67303 45.024
7.68303 45.4528
7.69303 45.4528
7.70303 45.4528
7.71303 45.4528
7.72303 45.4528
7.73303 45.4528
7.74303 45.4528
7.75303 45.4528
7.76303 45.4528
7.77303 45.4528
7.78303 45.024
7.79303 45.4528
7.80303 45.4528
7.81303 45.4528
7.82303 45.4528
7.83303 45.4528
7.84303 45.4528
7.85303 45.4528
7.86303 45.4528
7.87303 45.4528
7.88303 45.4528
7.89303 45.024
7.90303 45.4528
7.91303 45.4528
7.92303 45.4528
7.93303 45.4528
7.94303 45.4528
7.95303 45.4528
7.96303 45.4528
7.97303 45.4528
7.98303 45.4528
7.99303 45.4528
8.00303 45.4528
8.01303 45.4528
8.02303 45.024
8.03303 45.4528
8.04303 45.4528
8.05303 45.4528
8.06303 45.4528
8.07303 45.4528
8.08303 45.4528
8.09303 45.4528
8.10303 45.4528
8.11303 45.4528
8.12303 45.4528
8.13303 45.024
8.14303 45.4528
8.15303 45.4528
8.16303 45.4528
8.17303 45.4528
8.18303 45.4528
8.19303 45.4528
8.20303 45.4528
8.21303 45.4528
8.22303 45.4528
8.23303 45.4528
8.24303 45.4528
8.25303 45.4528
8.26303 45.4528
8.27303 45.024
8.28303 45.4528
8.29303 45.4528
8.30303 45.4528
8.31303 45.4528
8.32303 45.4528
8.33303 45.4528
8.34303 45.4528
8.35303 45.4528
8.36303 45.4528
8.37303 45.4528
8.38303 45.024
8.39303 45.4528
8.40303 45.4528
8.41303 45.4528
8.42303 45.4528
8.43303 45.4528
8.44303 45.4528
8.45303 45.4528
8.46303 45.4528
8.47303 45.4528
8.48303 45.4528
8.49303 45.4528
8.50303 45.024
8.51303 45.4528
8.52303 45.4528
8.53303 45.4528
8.54303 45.4528
8.55303 45.4528
8.56303 45.4528
8.57303 45.4528
8.58303 45.4528
8.59303 45.4528
8.60303 45.4528
8.61303 45.024
8.62303 45.4528
8.63303 45.4528
8.64303 45.4528
8.65303 45.4528
8.66303 45.4528
8.67303 45.4528
8.68303 45.4528
8.69303 45.4528
8.70303 45.4528
8.71303 45.4528
8.72303 45.4528
8.73303 45.024
8.74303 45.4528
8.75303 45.4528
8.76303 45.4528
8.77303 45.4528
8.78303 45.4528
8.79303 45.4528
8.80303 45.4528
8.81303 45.4528
8.82303 45.4528
8.83303 45.4528
8.84303 45.4528
8.85303 45.4528
8.86303 45.024
8.87303 45.4528
8.88303 45.4528
8.89303 45.4528
8.90303 45.4528
8.91303 45.4528
8.92303 45.4528
8.93303 45.4528
8.94303 45.4528
8.95303 45.4528
8.96303 45.024
8.97303 45.4528
8.98303 45.4528
8.99303 45.4528
9.00303 45.4528
9.01303 45.4528
9.02303 45.4528
9.03303 45.4528
9.04303 45.4528
9.05303 45.4528
9.06303 45.4528
9.07303 45.4528
9.08303 45.024
9.09303 45.4528
9.10303 45.4528
9.11303 45.4528
9.12303 45.4528
9.13303 45.4528
9.14303 45.4528
9.15303 45.4528
9.16303 45.4528
9.17303 45.4528
9.18303 45.4528
9.19303 45.024
9.20303 45.4528
9.21303 45.4528
9.22303 45.4528
9.23303 45.4528
9.24303 45.4528
9.25303 45.4528
9.26303 45.4528
9.27303 45.4528
9.28303 45.024
9.29303 45.4528
9.30303 45.4528
9.31303 45.4528
9.32303 45.4528
9.33303 45.4528
9.34303 45.4528
9.35303 45.4528
9.36303 45.4528
9.37303 45.4528
9.38303 45.4528
9.39303 45.4528
9.40303 45.024
9.41303 45.4528
9.42303 45.4528
9.43303 45.4528
9.44303 45.4528
9.45303 45.4528
9.46303 45.4528
9.47303 45.4528
9.48303 45.4528
9.49303 45.4528
9.50303 45.4528
9.51303 45.024
9.52303 45.4528
9.53303 45.4528
9.54303 45.4528
9.55303 45.4528
9.56303 45.4528
9.57303 45.4528
9.58303 45.4528
9.59303 45.4528
9.60303 45.4528
9.61303 45.4528
9.62303 45.4528
9.63303 45.4528
9.64303 45.024
9.65303 45.4528
9.66303 45.4528
9.67303 45.4528
9.68303 45.4528
9.69303 45.4528
9.70303 45.4528
9.71303 45.4528
9.72303 45.4528
9.73303 45.4528
9.74303 45.4528
9.75303 45.024
9.76303 45.4528
9.77303 45.4528
9.78303 45.4528
9.79303 45.4528
9.80303 45.4528
9.81303 45.4528
9.82303 45.4528
9.83303 45.4528
9.84303 45.4528
9.85303 45.4528
9.86303 45.4528
9.87303 45.4528
9.88303 45.024
9.89303 45.4528
9.90303 45.4528
9.91303 45.4528
9.92303 45.4528
9.93303 45.4528
9.94303 45.4528
9.95303 45.4528
9.96303 45.4528
9.97303 45.024
9.98303 45.4528
9.99303 45.4528
10.003 45.4528
10.013 45.4528
