0.131099 11.5584
0.141099 19.4016
0.151099 31.3728
0.161099 57.3792
0.171099 68.9376
0.181099 56.9664
0.191099 62.7456
0.201099 47.8848
0.211099 63.5712
0.221099 78.0192
0.231099 57.3792
0.241099 63.984
0.251099 57.3792
0.261099 78.432
0.271099 65.2224
0.281099 54.4896
0.291099 82.1472
0.301099 66.4608
0.311099 68.5248
0.321099 68.9376
0.331099 67.6992
0.341099 84.2112
0.351099 53.664
0.361099 87.1008
0.371099 68.112
0.381099 73.4784
0.391099 68.112
0.401099 83.7984
0.411099 71.8272
0.421099 68.5248
0.431099 75.5424
0.441099 84.2112
0.451099 75.5424
0.461099 75.5424
0.471099 78.8448
0.481099 85.0368
0.491099 80.0832
0.501099 80.9088
0.511099 75.9552
0.521099 82.56
0.531099 83.7984
0.541099 78.8448
0.551099 82.56
0.561099 85.0368
0.571099 76.368
0.581099 83.7984
0.591099 85.0368
0.601099 74.304
0.611099 86.688
0.621099 76.368
0.631099 82.1472
0.641099 87.5136
0.651099 73.0656
0.661099 86.2752
0.671099 83.3856
0.681099 75.9552
0.691099 87.5136
0.701099 69.3504
0.711099 86.688
0.721099 86.688
0.731099 69.7632
0.741099 87.5136
0.751099 79.6704
0.761099 77.1936
0.771099 86.2752
0.781099 69.7632
0.791099 87.5136
0.801099 83.7984
0.811099 72.6528
0.821099 86.688
0.831099 80.9088
0.841099 77.1936
0.851099 83.7984
0.861099 80.0832
0.871099 81.7344
0.881099 83.7984
0.891099 81.7344
0.901099 82.9728
0.911099 83.7984
0.921099 81.7344
0.931099 83.7984
0.941099 82.56
0.951099 83.3856
0.961099 83.7984
0.971099 79.6704
0.981099 83.7984
0.991099 82.56
1.0011 82.9728
1.0111 85.0368
1.0211 74.304
1.0311 83.3856
1.0411 82.1472
1.0511 82.56
1.0611 85.8624
1.0711 73.8912
1.0811 84.2112
1.0911 84.2112
1.1011 81.3216
1.1111 87.1008
1.1211 72.24
1.1311 84.624
1.1411 85.8624
1.1511 80.496
1.1611 87.1008
1.1711 71.8272
1.1811 84.624
1.1911 87.5136
1.2011 78.432
1.2111 87.5136
1.2211 80.0832
1.2311 75.9552
1.2411 87.5136
1.2511 78.432
1.2611 87.5136
1.2711 82.1472
1.2811 74.304
1.2911 87.5136
1.3011 78.432
1.3111 87.1008
1.3211 84.2112
1.3311 77.1936
1.3411 87.5136
1.3511 77.6064
1.3611 87.5136
1.3711 83.7984
1.3811 80.9088
1.3911 87.5136
1.4011 78.8448
1.4111 85.8624
1.4211 82.56
1.4311 81.7344
1.4411 87.5136
1.4511 79.2576
1.4611 86.688
1.4711 82.56
1.4811 82.9728
1.4911 87.1008
1.5011 79.6704
1.5111 86.2752
1.5211 83.3856
1.5311 82.56
1.5411 87.1008
1.5511 79.6704
1.5611 85.8624
1.5711 84.2112
1.5811 80.0832
1.5911 87.1008
1.6011 80.0832
1.6111 86.2752
1.6211 83.7984
1.6311 82.1472
1.6411 87.1008
1.6511 80.0832
1.6611 86.2752
1.6711 82.9728
1.6811 82.9728
1.6911 87.1008
1.7011 80.0832
1.7111 86.2752
1.7211 82.9728
1.7311 82.9728
1.7411 87.1008
1.7511 80.0832
1.7611 86.2752
1.7711 82.9728
1.7811 82.56
1.7911 87.1008
1.8011 77.6064
1.8111 87.1008
1.8211 83.3856
1.8311 82.56
1.8411 86.688
1.8511 80.0832
1.8611 86.2752
1.8711 82.9728
1.8811 83.3856
1.8911 87.5136
1.9011 87.1008
1.9111 87.5136
1.9211 87.5136
1.9311 87.5136
1.9411 87.5136
1.9511 87.5136
1.9611 87.5136
1.9711 87.5136
1.9811 87.5136
1.9911 63.984
2.0011 0.8256
2.0111 104.611
2.0211 104.611
2.0311 0
2.0411 5.3664
2.0511 68.5248
2.0611 87.5136
2.0711 87.5136
2.0811 86.688
2.0911 87.5136
2.1011 37.9776
2.1111 65.2224
2.1211 87.5136
2.1311 77.6064
2.1411 87.5136
2.1511 87.1008
2.1611 42.9312
2.1711 87.5136
2.1811 85.4496
2.1911 80.0832
2.2011 87.5136
2.2111 70.176
2.2211 65.6352
2.2311 87.5136
2.2411 74.7168
2.2511 87.5136
2.2611 83.7984
2.2711 56.9664
2.2811 86.688
2.2911 76.368
2.3011 85.4496
2.3111 86.688
2.3211 54.0768
2.3311 87.1008
2.3411 82.1472
2.3511 81.7344
2.3611 87.5136
2.3711 57.3792
2.3811 87.5136
2.3911 86.2752
2.4011 75.9552
2.4111 87.5136
2.4211 66.4608
2.4311 78.432
2.4411 87.5136
2.4511 76.368
2.4611 87.5136
2.4711 78.8448
2.4811 64.3968
2.4911 87.5136
2.5011 78.432
2.5111 87.5136
2.5211 81.3216
2.5311 65.6352
2.5411 87.5136
2.5511 68.9376
2.5611 87.5136
2.5711 87.1008
2.5811 60.6816
2.5911 87.5136
2.6011 75.5424
2.6111 68.112
2.6211 87.5136
2.6311 60.6816
2.6411 87.1008
2.6511 87.5136
2.6611 58.2048
2.6711 87.5136
2.6811 81.7344
2.6911 68.9376
2.7011 87.5136
2.7111 68.5248
2.7211 78.8448
2.7311 87.5136
2.7411 68.5248
2.7511 86.688
2.7611 78.432
2.7711 68.5248
2.7811 87.5136
2.7911 75.5424
2.8011 81.3216
2.8111 85.4496
2.8211 63.984
2.8311 86.688
2.8411 80.496
2.8511 73.0656
2.8611 87.1008
2.8711 72.6528
2.8811 85.8624
2.8911 84.2112
2.9011 75.5424
2.9111 86.688
2.9211 75.5424
2.9311 79.6704
2.9411 85.8624
2.9511 73.8912
2.9611 87.1008
2.9711 82.1472
2.9811 74.7168
2.9911 87.5136
3.0011 77.6064
3.0111 85.0368
3.0211 81.7344
3.0311 77.1936
3.0411 87.1008
3.0511 78.8448
3.0611 85.8624
3.0711 83.7984
3.0811 82.56
3.0911 85.8624
3.1011 79.6704
3.1111 86.2752
3.1211 82.56
3.1311 82.1472
3.1411 85.8624
3.1511 80.496
3.1611 86.2752
3.1711 81.7344
3.1811 83.3856
3.1911 85.4496
3.2011 80.0832
3.2111 85.8624
3.2211 81.7344
3.2311 82.9728
3.2411 85.8624
3.2511 75.5424
3.2611 85.8624
3.2711 82.1472
3.2811 82.9728
3.2911 85.4496
3.3011 80.9088
3.3111 85.8624
3.3211 80.0832
3.3311 85.4496
3.3411 85.0368
3.3511 80.9088
3.3611 85.8624
3.3711 80.9088
3.3811 85.0368
3.3911 85.0368
3.4011 80.496
3.4111 86.2752
3.4211 82.56
3.4311 83.3856
3.4411 85.4496
3.4511 80.9088
3.4611 85.8624
3.4711 83.7984
3.4811 82.9728
3.4911 85.8624
3.5011 81.3216
3.5111 85.8624
3.5211 81.7344
3.5311 84.624
3.5411 86.2752
3.5511 81.3216
3.5611 85.4496
3.5711 82.1472
3.5811 84.2112
3.5911 84.624
3.6011 82.9728
3.6111 85.8624
3.6211 81.7344
3.6311 84.624
3.6411 85.0368
3.6511 82.1472
3.6611 86.2752
3.6711 81.3216
3.6811 84.624
3.6911 84.624
3.7011 82.56
3.7111 85.8624
3.7211 81.7344
3.7311 84.624
3.7411 85.0368
3.7511 82.1472
3.7611 86.2752
3.7711 81.7344
3.7811 84.624
3.7911 85.0368
3.8011 81.3216
3.8111 87.1008
3.8211 81.3216
3.8311 84.624
3.8411 85.0368
3.8511 81.3216
3.8611 87.1008
3.8711 81.3216
3.8811 85.0368
3.8911 83.7984
3.9011 82.56
3.9111 86.688
3.9211 82.1472
3.9311 86.2752
3.9411 87.5136
3.9511 87.5136
3.9611 87.5136
3.9711 87.5136
3.9811 87.5136
3.9911 87.5136
4.0011 87.5136
4.0111 87.5136
4.0211 87.1008
4.0311 74.304
4.0411 7.4304
4.0511 104.611
4.0611 0
4.0711 104.611
4.0811 0
4.0911 57.792
4.1011 87.5136
4.1111 87.5136
4.1211 87.5136
4.1311 87.5136
4.1411 87.5136
4.1511 15.6864
4.1611 87.5136
4.1711 87.5136
4.1811 77.6064
4.1911 87.5136
4.2011 75.9552
4.2111 62.3328
4.2211 87.5136
4.2311 77.6064
4.2411 87.1008
4.2511 83.7984
4.2611 59.4432
4.2711 87.5136
4.2811 76.7808
4.2911 85.0368
4.3011 85.8624
4.3111 66.048
4.3211 87.5136
4.3311 79.6704
4.3411 82.56
4.3511 87.5136
4.3611 63.984
4.3711 87.1008
4.3811 82.56
4.3911 81.3216
4.4011 87.5136
4.4111 64.3968
4.4211 87.1008
4.4311 85.4496
4.4411 80.496
4.4511 87.5136
4.4611 71.8272
4.4711 86.688
4.4811 85.4496
4.4911 77.1936
4.5011 87.5136
4.5111 76.368
4.5211 83.7984
4.5311 85.8624
4.5411 67.2864
4.5511 87.5136
4.5611 79.6704
4.5711 85.0368
4.5811 86.688
4.5911 65.2224
4.6011 87.5136
4.6111 80.9088
4.6211 82.56
4.6311 87.1008
4.6411 68.112
4.6511 87.5136
4.6611 81.3216
4.6711 83.3856
4.6811 87.1008
4.6911 65.2224
4.7011 86.688
4.7111 81.3216
4.7211 79.6704
4.7311 87.5136
4.7411 69.3504
4.7511 81.7344
4.7611 85.8624
4.7711 71.4144
4.7811 87.5136
4.7911 73.0656
4.8011 80.0832
4.8111 87.5136
4.8211 75.9552
4.8311 86.688
4.8411 81.3216
4.8511 71.0016
4.8611 87.1008
4.8711 78.0192
4.8811 87.5136
4.8911 82.56
4.9011 71.0016
4.9111 87.1008
4.9211 74.304
4.9311 87.1008
4.9411 84.624
4.9511 69.7632
4.9611 86.688
4.9711 76.368
4.9811 86.2752
4.9911 86.688
5.0011 67.6992
5.0111 87.1008
5.0211 73.4784
5.0311 84.2112
5.0411 86.688
5.0511 67.2864
5.0611 87.5136
5.0711 80.496
5.0811 77.1936
5.0911 86.688
5.1011 71.8272
5.1111 82.1472
5.1211 80.496
5.1311 75.1296
5.1411 85.8624
5.1511 81.7344
5.1611 75.9552
5.1711 80.9088
5.1811 82.9728
5.1911 76.7808
5.2011 83.7984
5.2111 73.0656
5.2211 83.3856
5.2311 87.1008
5.2411 72.6528
5.2511 83.3856
5.2611 84.2112
5.2711 70.5888
5.2811 87.1008
5.2911 71.8272
5.3011 84.2112
5.3111 87.1008
5.3211 69.3504
5.3311 86.688
5.3411 84.624
5.3511 72.24
5.3611 86.688
5.3711 71.4144
5.3811 85.4496
5.3911 84.624
5.4011 71.8272
5.4111 86.688
5.4211 82.1472
5.4311 73.8912
5.4411 84.2112
5.4511 81.3216
5.4611 78.0192
5.4711 83.3856
5.4811 72.6528
5.4911 84.624
5.5011 86.2752
5.5111 73.4784
5.5211 83.3856
5.5311 82.9728
5.5411 74.304
5.5511 85.4496
5.5611 74.304
5.5711 83.3856
5.5811 86.688
5.5911 70.176
5.6011 85.8624
5.6111 85.4496
5.6211 71.4144
5.6311 86.688
5.6411 72.6528
5.6511 85.4496
5.6611 87.1008
5.6711 71.0016
5.6811 86.688
5.6911 82.9728
5.7011 76.368
5.7111 87.5136
5.7211 75.9552
5.7311 83.3856
5.7411 84.624
5.7511 76.368
5.7611 87.1008
5.7711 80.0832
5.7811 82.56
5.7911 84.624
5.8011 70.176
5.8111 85.0368
5.8211 85.0368
5.8311 79.6704
5.8411 84.624
5.8511 75.5424
5.8611 84.2112
5.8711 85.0368
5.8811 81.3216
5.8911 84.2112
5.9011 83.7984
5.9111 73.4784
5.9211 85.4496
5.9311 81.7344
5.9411 84.624
5.9511 85.0368
5.9611 71.8272
5.9711 85.0368
5.9811 82.1472
5.9911 84.2112
6.0011 86.2752
6.0111 70.5888
6.0211 85.0368
6.0311 84.624
6.0411 82.1472
6.0511 85.4496
6.0611 71.4144
6.0711 85.0368
6.0811 86.2752
6.0911 80.0832
6.1011 85.8624
6.1111 72.24
6.1211 83.3856
6.1311 87.1008
6.1411 80.0832
6.1511 85.4496
6.1611 80.496
6.1711 75.5424
6.1811 87.1008
6.1911 75.5424
6.2011 86.2752
6.2111 83.7984
6.2211 70.176
6.2311 87.1008
6.2411 76.7808
6.2511 81.7344
6.2611 85.0368
6.2711 72.24
6.2811 87.1008
6.2911 84.624
6.3011 71.8272
6.3111 85.4496
6.3211 81.7344
6.3311 76.368
6.3411 83.7984
6.3511 73.0656
6.3611 85.8624
6.3711 85.0368
6.3811 72.6528
6.3911 83.7984
6.4011 85.0368
6.4111 73.8912
6.4211 85.8624
6.4311 73.8912
6.4411 82.56
6.4511 86.688
6.4611 72.24
6.4711 85.4496
6.4811 84.2112
6.4911 72.24
6.5011 86.688
6.5111 76.7808
6.5211 79.6704
6.5311 85.8624
6.5411 71.0016
6.5511 86.688
6.5611 84.624
6.5711 71.8272
6.5811 86.2752
6.5911 80.9088
6.6011 77.1936
6.6111 84.624
6.6211 71.4144
6.6311 86.2752
6.6411 84.624
6.6511 73.0656
6.6611 84.2112
6.6711 84.624
6.6811 73.4784
6.6911 84.2112
6.7011 79.6704
6.7111 79.2576
6.7211 85.8624
6.7311 71.4144
6.7411 84.624
6.7511 87.1008
6.7611 70.5888
6.7711 85.4496
6.7811 82.1472
6.7911 73.8912
6.8011 87.1008
6.8111 70.5888
6.8211 85.4496
6.8311 86.2752
6.8411 70.5888
6.8511 87.1008
6.8611 82.9728
6.8711 73.8912
6.8811 85.8624
6.8911 72.6528
6.9011 85.0368
6.9111 83.7984
6.9211 71.8272
6.9311 86.2752
6.9411 82.56
6.9511 74.304
6.9611 85.4496
6.9711 77.6064
6.9811 85.0368
6.9911 84.624
7.0011 68.9376
7.0111 85.4496
7.0211 85.0368
7.0311 71.8272
7.0411 84.624
7.0511 73.8912
7.0611 80.9088
7.0711 85.4496
7.0811 74.7168
7.0911 84.2112
7.1011 86.2752
7.1111 72.6528
7.1211 86.2752
7.1311 81.7344
7.1411 78.432
7.1511 86.688
7.1611 70.5888
7.1711 86.2752
7.1811 85.4496
7.1911 80.9088
7.2011 87.1008
7.2111 78.0192
7.2211 79.6704
7.2311 85.8624
7.2411 79.6704
7.2511 87.1008
7.2611 80.496
7.2711 76.7808
7.2811 86.2752
7.2911 79.2576
7.3011 87.1008
7.3111 82.1472
7.3211 74.304
7.3311 86.2752
7.3411 79.6704
7.3511 86.2752
7.3611 84.2112
7.3711 72.6528
7.3811 85.4496
7.3911 81.7344
7.4011 85.8624
7.4111 84.624
7.4211 72.6528
7.4311 85.4496
7.4411 83.7984
7.4511 83.7984
7.4611 84.624
7.4711 72.24
7.4811 85.4496
7.4911 85.0368
7.5011 79.2576
7.5111 84.2112
7.5211 82.56
7.5311 79.6704
7.5411 85.4496
7.5511 79.2576
7.5611 83.3856
7.5711 83.7984
7.5811 80.496
7.5911 85.4496
7.6011 78.8448
7.6111 83.3856
7.6211 85.8624
7.6311 76.7808
7.6411 85.0368
7.6511 82.56
7.6611 84.2112
7.6711 85.8624
7.6811 75.5424
7.6911 85.0368
7.7011 81.7344
7.7111 84.2112
7.7211 86.688
7.7311 74.304
7.7411 85.4496
7.7511 83.7984
7.7611 82.1472
7.7711 87.1008
7.7811 76.7808
7.7911 86.2752
7.8011 84.2112
7.8111 79.6704
7.8211 87.1008
7.8311 72.6528
7.8411 86.2752
7.8511 85.0368
7.8611 80.9088
7.8711 87.1008
7.8811 72.6528
7.8911 86.2752
7.9011 84.624
7.9111 81.3216
7.9211 87.1008
7.9311 79.2576
7.9411 80.496
7.9511 85.4496
7.9611 78.432
7.9711 86.688
7.9811 80.9088
7.9911 78.432
8.0011 85.4496
8.0111 80.9088
8.0211 86.688
8.0311 82.9728
8.0411 76.368
8.0511 85.4496
8.0611 80.0832
8.0711 86.688
8.0811 84.2112
8.0911 75.5424
8.1011 85.4496
8.1111 81.7344
8.1211 85.8624
8.1311 84.2112
8.1411 80.496
8.1511 85.4496
8.1611 81.7344
8.1711 82.9728
8.1811 85.0368
8.1911 81.3216
8.2011 85.8624
8.2111 81.3216
8.2211 85.8624
8.2311 85.0368
8.2411 82.1472
8.2511 85.0368
8.2611 81.7344
8.2711 86.2752
8.2811 83.7984
8.2911 82.56
8.3011 84.624
8.3111 82.1472
8.3211 85.4496
8.3311 83.7984
8.3411 83.3856
8.3511 85.0368
8.3611 81.7344
8.3711 85.4496
8.3811 82.9728
8.3911 84.2112
8.4011 85.0368
8.4111 82.1472
8.4211 85.4496
8.4311 82.9728
8.4411 83.7984
8.4511 85.0368
8.4611 82.1472
8.4711 85.0368
8.4811 83.3856
8.4911 84.2112
8.5011 84.624
8.5111 82.1472
8.5211 85.8624
8.5311 82.56
8.5411 84.2112
8.5511 84.2112
8.5611 82.56
8.5711 86.688
8.5811 82.9728
8.5911 82.9728
8.6011 83.7984
8.6111 82.9728
8.6211 85.4496
8.6311 82.9728
8.6411 83.7984
8.6511 84.624
8.6611 82.56
8.6711 84.624
8.6811 83.7984
8.6911 83.7984
8.7011 84.624
8.7111 82.9728
8.7211 84.624
8.7311 83.3856
8.7411 84.2112
8.7511 84.2112
8.7611 82.56
8.7711 85.0368
8.7811 83.3856
8.7911 84.2112
8.8011 84.2112
8.8111 82.56
8.8211 85.0368
8.8311 83.7984
8.8411 83.7984
8.8511 83.7984
8.8611 82.9728
8.8711 85.0368
8.8811 83.3856
8.8911 84.2112
8.9011 83.7984
8.9111 82.56
8.9211 84.2112
8.9311 84.2112
8.9411 84.624
8.9511 83.7984
8.9611 82.9728
8.9711 83.7984
8.9811 84.2112
8.9911 84.624
9.0011 83.7984
9.0111 82.9728
9.0211 84.2112
9.0311 83.3856
9.0411 85.0368
9.0511 83.7984
9.0611 82.9728
9.0711 83.7984
9.0811 83.7984
9.0911 84.624
9.1011 82.9728
9.1111 84.2112
9.1211 83.7984
9.1311 83.7984
9.1411 84.624
9.1511 82.9728
9.1611 84.624
9.1711 83.7984
9.1811 83.7984
9.1911 85.0368
9.2011 82.1472
9.2111 84.624
9.2211 83.7984
9.2311 83.7984
9.2411 85.0368
9.2511 82.1472
9.2611 85.0368
9.2711 83.3856
9.2811 83.7984
9.2911 85.0368
9.3011 82.56
9.3111 84.2112
9.3211 83.7984
9.3311 83.7984
9.3411 85.0368
9.3511 82.56
9.3611 84.624
9.3711 83.3856
9.3811 83.7984
9.3911 85.0368
9.4011 82.56
9.4111 84.624
9.4211 83.7984
9.4311 83.3856
9.4411 85.0368
9.4511 82.56
9.4611 85.0368
9.4711 81.7344
9.4811 85.0368
9.4911 85.0368
9.5011 81.7344
9.5111 85.8624
9.5211 83.3856
9.5311 83.7984
9.5411 84.2112
9.5511 82.9728
9.5611 85.4496
9.5711 81.7344
9.5811 85.0368
9.5911 84.624
9.6011 82.56
9.6111 85.4496
9.6211 81.7344
9.6311 85.4496
9.6411 84.2112
9.6511 82.56
9.6611 85.4496
9.6711 82.1472
9.6811 85.4496
9.6911 84.2112
9.7011 82.56
9.7111 85.8624
9.7211 82.1472
9.7311 83.7984
9.7411 83.7984
9.7511 83.7984
9.7611 85.4496
9.7711 82.1472
9.7811 84.624
9.7911 83.3856
9.8011 83.7984
9.8111 85.4496
9.8211 82.1472
9.8311 84.624
9.8411 84.2112
9.8511 83.3856
9.8611 85.0368
9.8711 82.1472
9.8811 84.624
9.8911 84.2112
9.9011 82.9728
9.9111 85.8624
9.9211 82.1472
9.9311 84.624
9.9411 83.7984
9.9511 83.3856
9.9611 85.4496
9.9711 82.1472
9.9811 84.624
9.9911 83.7984
10.0011 83.7984
10.0111 85.4496
