0.131052 14.448
0.141052 21.8784
0.151052 43.7568
0.161052 71.0016
0.171052 81.3216
0.181052 96.1824
0.191052 117.235
0.201052 78.0192
0.211052 116.41
0.221052 101.549
0.231052 108.979
0.241052 121.363
0.251052 92.4672
0.261052 115.584
0.271052 125.078
0.281052 86.688
0.291052 104.851
0.301052 124.253
0.311052 92.88
0.321052 93.2928
0.331052 120.125
0.341052 107.741
0.351052 82.9728
0.361052 117.235
0.371052 113.52
0.381052 101.962
0.391052 97.4208
0.401052 126.73
0.411052 113.107
0.421052 93.2928
0.431052 124.666
0.441052 107.741
0.451052 124.253
0.461052 105.677
0.471052 124.666
0.481052 118.061
0.491052 118.061
0.501052 116.822
0.511052 116.41
0.521052 117.235
0.531052 115.997
0.541052 120.95
0.551052 122.189
0.561052 117.648
0.571052 120.538
0.581052 115.584
0.591052 129.619
0.601052 117.648
0.611052 115.584
0.621052 124.666
0.631052 113.107
0.641052 111.869
0.651052 109.805
0.661052 124.666
0.671052 109.805
0.681052 107.741
0.691052 123.84
0.701052 114.346
0.711052 106.915
0.721052 125.491
0.731052 111.869
0.741052 108.154
0.751052 119.712
0.761052 115.584
0.771052 112.694
0.781052 108.566
0.791052 125.491
0.801052 111.456
0.811052 105.264
0.821052 128.381
0.831052 121.776
0.841052 104.026
0.851052 125.491
0.861052 114.758
0.871052 108.154
0.881052 114.758
0.891052 122.189
0.901052 97.8336
0.911052 110.218
0.921052 124.253
0.931052 96.5952
0.941052 113.107
0.951052 126.73
0.961052 95.7696
0.971052 103.2
0.981052 123.427
0.991052 94.1184
1.00105 114.346
1.01105 107.328
1.02105 97.4208
1.03105 118.474
1.04105 110.63
1.05105 118.886
1.06105 106.09
1.07105 116.822
1.08105 117.648
1.09105 100.723
1.10105 123.014
1.11105 111.869
1.12105 101.136
1.13105 129.206
1.14105 105.264
1.15105 101.136
1.16105 120.95
1.17105 111.869
1.18105 110.63
1.19105 115.997
1.20105 120.538
1.21105 108.154
1.22105 115.997
1.23105 126.317
1.24105 105.677
1.25105 110.218
1.26105 119.299
1.27105 115.584
1.28105 108.566
1.29105 110.63
1.30105 128.381
1.31105 105.677
1.32105 111.456
1.33105 127.555
1.34105 107.328
1.35105 112.694
1.36105 122.602
1.37105 111.869
1.38105 111.456
1.39105 117.235
1.40105 115.171
1.41105 108.566
1.42105 124.253
1.43105 116.822
1.44105 102.787
1.45105 118.474
1.46105 117.235
1.47105 110.218
1.48105 116.41
1.49105 112.282
1.50105 125.491
1.51105 104.026
1.52105 123.427
1.53105 118.886
1.54105 87.9264
1.55105 117.648
1.56105 123.014
1.57105 96.1824
1.58105 108.154
1.59105 120.538
1.60105 100.31
1.61105 104.026
1.62105 123.84
1.63105 119.712
1.64105 94.944
1.65105 118.061
1.66105 117.235
1.67105 94.944
1.68105 130.445
1.69105 118.886
1.70105 86.2752
1.71105 127.142
1.72105 116.822
1.73105 98.2464
1.74105 121.363
1.75105 115.584
1.76105 100.31
1.77105 125.491
1.78105 127.142
1.79105 112.282
1.80105 101.549
1.81105 130.858
1.82105 102.787
1.83105 111.043
1.84105 128.794
1.85105 91.2288
1.86105 114.346
1.87105 127.968
1.88105 127.142
1.89105 131.27
1.90105 131.27
1.91105 131.27
1.92105 131.27
1.93105 131.27
1.94105 130.858
1.95105 130.858
1.96105 131.27
1.97105 131.27
1.98105 131.27
1.99105 131.27
2.00105 89.1648
2.01105 61.92
2.02105 146.304
2.03105 87.5136
2.04105 87.5136
2.05105 111.456
2.06105 131.27
2.07105 131.27
2.08105 131.27
2.09105 68.5248
2.10105 97.8336
2.11105 109.392
2.12105 100.31
2.13105 121.776
2.14105 120.538
2.15105 99.072
2.16105 106.915
2.17105 121.776
2.18105 102.787
2.19105 123.84
2.20105 120.538
2.21105 93.7056
2.22105 112.694
2.23105 124.666
2.24105 96.1824
2.25105 126.317
2.26105 124.253
2.27105 86.2752
2.28105 123.014
2.29105 125.904
2.30105 100.723
2.31105 121.363
2.32105 113.52
2.33105 101.962
2.34105 118.474
2.35105 122.189
2.36105 106.502
2.37105 110.218
2.38105 120.125
2.39105 119.299
2.40105 113.107
2.41105 108.566
2.42105 119.712
2.43105 121.776
2.44105 115.171
2.45105 119.712
2.46105 123.84
2.47105 116.822
2.48105 115.171
2.49105 120.95
2.50105 118.061
2.51105 125.491
2.52105 123.84
2.53105 110.63
2.54105 121.363
2.55105 111.456
2.56105 128.794
2.57105 120.125
2.58105 107.741
2.59105 120.538
2.60105 124.253
2.61105 108.979
2.62105 120.95
2.63105 106.502
2.64105 128.381
2.65105 122.602
2.66105 108.979
2.67105 119.712
2.68105 120.95
2.69105 118.061
2.70105 120.125
2.71105 107.741
2.72105 115.997
2.73105 127.968
2.74105 114.346
2.75105 122.189
2.76105 116.822
2.77105 117.648
2.78105 121.776
2.79105 115.584
2.80105 125.078
2.81105 123.014
2.82105 113.52
2.83105 118.886
2.84105 114.758
2.85105 127.142
2.86105 120.125
2.87105 107.328
2.88105 124.253
2.89105 122.602
2.90105 118.474
2.91105 120.125
2.92105 114.346
2.93105 123.84
2.94105 116.822
2.95105 115.584
2.96105 128.381
2.97105 115.171
2.98105 100.31
2.99105 118.061
3.00105 125.491
3.01105 111.456
3.02105 107.328
3.03105 126.73
3.04105 111.869
3.05105 106.502
3.06105 125.078
3.07105 113.107
3.08105 111.456
3.09105 117.235
3.10105 108.979
3.11105 112.282
3.12105 104.026
3.13105 123.84
3.14105 110.63
3.15105 108.566
3.16105 129.619
3.17105 104.851
3.18105 116.41
3.19105 116.41
3.20105 118.061
3.21105 116.822
3.22105 115.171
3.23105 127.968
3.24105 115.997
3.25105 104.438
3.26105 108.566
3.27105 124.666
3.28105 114.758
3.29105 115.171
3.30105 118.886
3.31105 125.491
3.32105 104.851
3.33105 119.299
3.34105 127.555
3.35105 115.584
3.36105 117.235
3.37105 120.125
3.38105 128.794
3.39105 115.584
3.40105 113.933
3.41105 126.73
3.42105 113.52
3.43105 116.822
3.44105 116.822
3.45105 125.491
3.46105 118.474
3.47105 119.299
3.48105 124.253
3.49105 109.805
3.50105 115.584
3.51105 109.805
3.52105 119.712
3.53105 111.043
3.54105 101.136
3.55105 127.142
3.56105 111.869
3.57105 101.136
3.58105 128.794
3.59105 109.805
3.60105 102.787
3.61105 127.968
3.62105 110.218
3.63105 96.1824
3.64105 122.602
3.65105 111.456
3.66105 102.374
3.67105 123.84
3.68105 123.014
3.69105 100.31
3.70105 118.886
3.71105 130.032
3.72105 99.072
3.73105 119.712
3.74105 127.555
3.75105 101.549
3.76105 120.538
3.77105 125.078
3.78105 103.613
3.79105 124.666
3.80105 119.712
3.81105 109.392
3.82105 122.189
3.83105 121.363
3.84105 108.566
3.85105 123.427
3.86105 111.456
3.87105 124.666
3.88105 120.95
3.89105 109.392
3.90105 121.363
3.91105 126.317
3.92105 127.555
3.93105 130.858
3.94105 131.27
3.95105 130.445
3.96105 131.27
3.97105 131.27
3.98105 131.27
3.99105 131.27
4.00105 131.27
4.01105 131.27
4.02105 130.858
4.03105 131.27
4.04105 94.944
4.05105 16.512
4.06105 87.5136
4.07105 192.125
4.08105 87.5136
4.09105 106.502
4.10105 130.858
4.11105 131.27
4.12105 131.27
4.13105 121.776
4.14105 69.7632
4.15105 90.4032
4.16105 131.27
4.17105 96.5952
4.18105 122.602
4.19105 129.619
4.20105 92.88
4.21105 108.154
4.22105 122.189
4.23105 101.549
4.24105 116.41
4.25105 127.142
4.26105 93.7056
4.27105 113.933
4.28105 119.712
4.29105 108.154
4.30105 111.456
4.31105 99.4848
4.32105 119.299
4.33105 107.328
4.34105 111.869
4.35105 129.619
4.36105 96.5952
4.37105 113.52
4.38105 128.381
4.39105 107.741
4.40105 113.107
4.41105 116.822
4.42105 113.52
4.43105 111.869
4.44105 123.84
4.45105 113.107
4.46105 104.026
4.47105 120.95
4.48105 119.299
4.49105 106.502
4.50105 114.346
4.51105 121.776
4.52105 111.456
4.53105 113.52
4.54105 122.602
4.55105 111.869
4.56105 114.346
4.57105 115.171
4.58105 127.142
4.59105 108.154
4.60105 114.758
4.61105 125.904
4.62105 112.282
4.63105 114.346
4.64105 118.474
4.65105 115.584
4.66105 114.346
4.67105 118.886
4.68105 128.794
4.69105 108.566
4.70105 120.538
4.71105 118.474
4.72105 118.886
4.73105 120.95
4.74105 105.264
4.75105 127.142
4.76105 120.125
4.77105 112.694
4.78105 119.712
4.79105 115.997
4.80105 118.474
4.81105 120.95
4.82105 113.933
4.83105 127.142
4.84105 114.758
4.85105 102.787
4.86105 125.904
4.87105 113.107
4.88105 113.933
4.89105 117.648
4.90105 111.456
4.91105 114.758
4.92105 108.566
4.93105 129.206
4.94105 113.933
4.95105 95.7696
4.96105 125.491
4.97105 113.52
4.98105 110.218
4.99105 115.997
5.00105 110.63
5.01105 111.043
5.02105 103.2
5.03105 125.491
5.04105 107.741
5.05105 83.3856
5.06105 130.032
5.07105 114.758
5.08105 95.7696
5.09105 122.189
5.10105 117.235
5.11105 92.88
5.12105 127.968
5.13105 114.758
5.14105 96.5952
5.15105 128.794
5.16105 116.41
5.17105 97.008
5.18105 124.666
5.19105 106.502
5.20105 102.374
5.21105 104.851
5.22105 128.381
5.23105 99.4848
5.24105 106.502
5.25105 128.794
5.26105 102.787
5.27105 104.851
5.28105 127.968
5.29105 92.4672
5.30105 114.758
5.31105 125.078
5.32105 96.5952
5.33105 112.282
5.34105 118.886
5.35105 101.962
5.36105 114.346
5.37105 108.154
5.38105 122.189
5.39105 104.851
5.40105 102.787
5.41105 130.032
5.42105 107.741
5.43105 94.944
5.44105 127.142
5.45105 105.264
5.46105 108.154
5.47105 125.078
5.48105 101.962
5.49105 111.869
5.50105 118.886
5.51105 108.566
5.52105 113.933
5.53105 107.741
5.54105 118.886
5.55105 114.758
5.56105 101.962
5.57105 125.078
5.58105 120.538
5.59105 106.915
5.60105 115.997
5.61105 125.491
5.62105 111.869
5.63105 119.299
5.64105 106.915
5.65105 128.381
5.66105 120.538
5.67105 106.502
5.68105 120.125
5.69105 127.555
5.70105 95.7696
5.71105 110.63
5.72105 123.014
5.73105 103.2
5.74105 105.677
5.75105 120.538
5.76105 100.723
5.77105 115.584
5.78105 119.299
5.79105 103.613
5.80105 101.136
5.81105 121.776
5.82105 99.4848
5.83105 109.805
5.84105 121.363
5.85105 97.008
5.86105 110.218
5.87105 128.794
5.88105 96.1824
5.89105 97.8336
5.90105 127.555
5.91105 102.787
5.92105 111.869
5.93105 122.189
5.94105 115.171
5.95105 111.456
5.96105 111.456
5.97105 116.41
5.98105 102.374
5.99105 118.061
6.00105 129.619
6.01105 94.1184
6.02105 111.043
6.03105 125.904
6.04105 106.915
6.05105 111.456
6.06105 110.63
6.07105 113.933
6.08105 113.933
6.09105 110.218
6.10105 118.886
6.11105 98.6592
6.12105 106.09
6.13105 123.427
6.14105 107.741
6.15105 111.869
6.16105 124.666
6.17105 101.549
6.18105 111.869
6.19105 115.997
6.20105 115.584
6.21105 112.694
6.22105 111.456
6.23105 114.346
6.24105 106.09
6.25105 112.282
6.26105 123.427
6.27105 99.8976
6.28105 111.456
6.29105 129.619
6.30105 98.6592
6.31105 111.869
6.32105 125.904
6.33105 101.136
6.34105 112.282
6.35105 114.346
6.36105 113.52
6.37105 113.107
6.38105 107.328
6.39105 119.712
6.40105 110.63
6.41105 103.613
6.42105 127.142
6.43105 92.0544
6.44105 109.805
6.45105 130.032
6.46105 99.072
6.47105 111.869
6.48105 126.73
6.49105 111.869
6.50105 112.282
6.51105 113.52
6.52105 121.776
6.53105 113.107
6.54105 109.392
6.55105 112.282
6.56105 129.206
6.57105 106.502
6.58105 112.694
6.59105 117.235
6.60105 119.712
6.61105 113.107
6.62105 111.043
6.63105 122.602
6.64105 125.904
6.65105 106.09
6.66105 119.712
6.67105 121.776
6.68105 113.933
6.69105 120.538
6.70105 113.52
6.71105 115.997
6.72105 127.555
6.73105 106.502
6.74105 121.776
6.75105 120.538
6.76105 113.107
6.77105 127.555
6.78105 124.253
6.79105 117.235
6.80105 127.555
6.81105 113.107
6.82105 127.968
6.83105 127.555
6.84105 113.933
6.85105 127.968
6.86105 125.491
6.87105 115.997
6.88105 119.299
6.89105 117.235
6.90105 118.886
6.91105 120.538
6.92105 105.264
6.93105 128.381
6.94105 120.125
6.95105 104.026
6.96105 120.125
6.97105 121.776
6.98105 117.235
6.99105 128.381
7.00105 104.026
7.01105 127.142
7.02105 126.73
7.03105 108.566
7.04105 123.014
7.05105 102.787
7.06105 122.189
7.07105 126.317
7.08105 106.502
7.09105 123.427
7.10105 128.381
7.11105 107.741
7.12105 124.253
7.13105 117.648
7.14105 122.602
7.15105 120.95
7.16105 107.328
7.17105 121.363
7.18105 128.381
7.19105 116.822
7.20105 121.776
7.21105 116.41
7.22105 119.299
7.23105 121.363
7.24105 115.997
7.25105 122.602
7.26105 123.84
7.27105 117.235
7.28105 121.363
7.29105 115.997
7.30105 123.014
7.31105 125.491
7.32105 108.979
7.33105 123.84
7.34105 114.758
7.35105 129.206
7.36105 118.474
7.37105 106.915
7.38105 120.95
7.39105 123.84
7.40105 119.712
7.41105 121.363
7.42105 106.09
7.43105 129.206
7.44105 118.886
7.45105 118.474
7.46105 118.886
7.47105 115.997
7.48105 110.63
7.49105 119.299
7.50105 114.346
7.51105 123.84
7.52105 120.95
7.53105 111.456
7.54105 124.253
7.55105 120.95
7.56105 116.41
7.57105 121.363
7.58105 118.061
7.59105 123.014
7.60105 111.456
7.61105 118.474
7.62105 127.555
7.63105 112.282
7.64105 115.997
7.65105 117.235
7.66105 129.619
7.67105 115.584
7.68105 111.043
7.69105 123.84
7.70105 118.474
7.71105 122.189
7.72105 116.41
7.73105 113.107
7.74105 126.73
7.75105 115.171
7.76105 121.363
7.77105 126.317
7.78105 116.822
7.79105 121.363
7.80105 118.474
7.81105 118.886
7.82105 127.968
7.83105 108.979
7.84105 120.125
7.85105 126.317
7.86105 120.125
7.87105 120.125
7.88105 109.805
7.89105 127.555
7.90105 123.014
7.91105 116.822
7.92105 122.189
7.93105 120.95
7.94105 122.602
7.95105 120.125
7.96105 115.997
7.97105 127.142
7.98105 124.253
7.99105 117.648
8.00105 127.555
8.01105 123.014
8.02105 128.381
8.03105 125.904
8.04105 117.648
8.05105 127.555
8.06105 122.602
8.07105 128.381
8.08105 127.555
8.09105 115.584
8.10105 128.381
8.11105 125.078
8.12105 126.73
8.13105 127.555
8.14105 121.363
8.15105 128.794
8.16105 121.363
8.17105 116.41
8.18105 120.538
8.19105 124.253
8.20105 120.538
8.21105 118.061
8.22105 119.299
8.23105 127.555
8.24105 118.061
8.25105 120.95
8.26105 116.822
8.27105 127.968
8.28105 120.125
8.29105 117.235
8.30105 121.363
8.31105 124.253
8.32105 120.538
8.33105 118.886
8.34105 120.538
8.35105 125.904
8.36105 120.95
8.37105 120.538
8.38105 119.299
8.39105 123.427
8.40105 123.84
8.41105 117.648
8.42105 119.299
8.43105 124.666
8.44105 124.666
8.45105 121.363
8.46105 117.235
8.47105 127.968
8.48105 119.299
8.49105 118.061
8.50105 122.189
8.51105 120.538
8.52105 123.84
8.53105 120.95
8.54105 118.886
8.55105 126.317
8.56105 118.474
8.57105 120.125
8.58105 120.125
8.59105 120.95
8.60105 123.427
8.61105 116.41
8.62105 117.235
8.63105 127.142
8.64105 115.997
8.65105 110.63
8.66105 120.95
8.67105 115.171
8.68105 108.154
8.69105 114.346
8.70105 125.491
8.71105 106.502
8.72105 110.63
8.73105 128.381
8.74105 108.154
8.75105 111.456
8.76105 125.904
8.77105 109.805
8.78105 109.392
8.79105 125.491
8.80105 112.694
8.81105 101.962
8.82105 121.363
8.83105 114.346
8.84105 104.851
8.85105 110.63
8.86105 120.538
8.87105 108.154
8.88105 109.805
8.89105 127.555
8.90105 99.8976
8.91105 115.584
8.92105 128.381
8.93105 96.5952
8.94105 113.52
8.95105 128.381
8.96105 104.438
8.97105 116.822
8.98105 115.997
8.99105 120.95
9.00105 111.869
9.01105 108.154
9.02105 128.794
9.03105 111.869
9.04105 110.218
9.05105 129.619
9.06105 109.392
9.07105 111.869
9.08105 125.078
9.09105 113.107
9.10105 110.218
9.11105 120.95
9.12105 118.061
9.13105 109.392
9.14105 113.107
9.15105 125.078
9.16105 104.438
9.17105 112.282
9.18105 127.555
9.19105 100.723
9.20105 110.63
9.21105 127.555
9.22105 111.869
9.23105 108.979
9.24105 126.317
9.25105 112.694
9.26105 108.979
9.27105 120.95
9.28105 118.474
9.29105 110.218
9.30105 109.805
9.31105 126.317
9.32105 111.043
9.33105 108.154
9.34105 127.968
9.35105 108.979
9.36105 113.107
9.37105 124.253
9.38105 115.171
9.39105 111.456
9.40105 124.666
9.41105 113.933
9.42105 112.282
9.43105 113.52
9.44105 125.078
9.45105 110.218
9.46105 111.043
9.47105 127.142
9.48105 112.282
9.49105 102.787
9.50105 127.142
9.51105 112.282
9.52105 104.438
9.53105 124.253
9.54105 115.584
9.55105 103.2
9.56105 118.061
9.57105 121.363
9.58105 97.008
9.59105 113.933
9.60105 112.694
9.61105 114.758
9.62105 106.09
9.63105 126.73
9.64105 113.52
9.65105 107.741
9.66105 128.381
9.67105 108.566
9.68105 110.63
9.69105 125.491
9.70105 111.043
9.71105 108.979
9.72105 115.171
9.73105 120.538
9.74105 111.043
9.75105 109.392
9.76105 128.794
9.77105 108.979
9.78105 109.805
9.79105 129.619
9.80105 99.072
9.81105 109.805
9.82105 123.84
9.83105 98.6592
9.84105 113.933
9.85105 117.235
9.86105 112.694
9.87105 110.63
9.88105 122.189
9.89105 115.997
9.90105 107.741
9.91105 114.758
9.92105 124.253
9.93105 109.805
9.94105 111.456
9.95105 127.142
9.96105 108.154
9.97105 107.328
9.98105 126.73
9.99105 110.63
10.0011 98.6592
10.0111 127.142
